58.05
59.04
59.3
59.54
59.31
59.87
60.1
60.69
61.42
61.08
60.67
60.59
60.98
60.79
60.94
61.1
61.47
61.6
61.56
63.42
62.84
62.33
61.83
62.06
62.08
62.7
62.96
63.24
62.8
63.27
62.56
62.53
62.72
62.7
62.17
61.32
61.37
61.98
62.15
62.27
63.03
62.97
62.81
63.04
63.25
62.99
62.64
62.33
62.36
62.86
62.89
62.58
62.38
62.29
62.35
62.08
63.11
63.05
62.16
61.52
62.1
62.27
62.26
62.42
62.5
62.66
62.5
62.85
64.44
64.31
63.41
63.13
62.96
62.84
62.34
62.56
62.57
62.62
63.34
63.86
64.09
63.51
63.69
64.35
63.31
63.06
62.7
62.78
63.49
63.88
63.88
64.78
64.99
65.45
65.12
65.06
65.06
65.63
65.79
66.38
66.87
66.69
66.38
66.93
68.69
69.34
67.56
67.1
67.57
67.47
67.98
68.65
69.36
69.1
69.56
70.72
73.17
71.59
70.21
70.16
70.94
71.36
71.01
71.47
71.72
71.88
72.38
72.55
72.65
73.37
73.59
72.88
73.61
74.26
74.35
75.56
75.82
75.61
75.06
74.72
77.13
77.1
75.87
75.37
76.3
76.53
76.77
77.65
77.39
78.89
77.53
77.2
77.7
78.04
78.21
78.86
78.52
79.54
79.32
80.04
80.78
80.58
80.74
82.65
82.9
82
81.25
80.95
82.63
82.27
82.38
83.59
83.44
84.34
83.85
84.06
84.56
84.35
84.69
84.65
84.52
85.36
84.86
85.95
85.84
86.35
85.06
88.3
87.81
87.46
87.4
86.79
86.19
87.11
85.79
86.38
86.49
87.93
87.88
87.79
88.36
87.18
86.94
87.02
87.91
87.37
87.91
88.21
87.93
89.2
88.62
88.18
88.72
89.43
90.34
88.86
88.26
89.2
87.5
88.12
88.36
88.45
87.89
89.19
89.24
89.79
89.53
88.99
88.71
90.02
88.48
89.22
89.77
89.65
89.16
89.44
90.69
90.71
91.55
90.46
90.8
89.1
88.86
89.59
89.57
89.52
89.25
89.84
90.22
91.59
90.51
88.93
89.28
90.36
88.87
89.78
89.34
89.61
89.62
89.59
89.53
90.03
90
89.61
90.25
88.99
88.71
89.68
89.63
89.11
88.74
89.07
89.34
89.98
89.58
89.56
90.26
89.56
89.5
90.53
90.45
90.66
91.7
91.34
91.83
92.13
90.95
91.01
90.7
91.3
91.56
92.02
92.53
92.82
93.9
94.6
94.73
94.66
93.23
93.02
93.12
92.2
91.94
93.15
94
94.43
94.64
94.07
93.56
93.53
93.45
93.65
93.45
93.81
92.72
93.79
93.98
94.55
94.33
95.58
96.47
98.52
97.94
96.77
96.2
97.43
96.38
97.42
97.47
99.25
99.81
100.06
99.46
100.87
99.83
97.99
97.62
96.13
96.24
96.97
97.38
97.29
97.48
99.24
98.58
98.96
98.22
97.75
97.87
98.39
97.45
98.27
98.12
98.45
98.76
98.77
98.87
99.52
99.71
98.96
98.95
99.69
98.82
99.56
99.75
100.37
100.07
100.1
100.23
100.77
100.74
100.97
101.28
99.94
100.06
100.99
101.49
102.14
102.53
103.53
103.19
103.12
102.34
102.59
102.41
102.9
101.42
102.05
102.24
102.75
102.59
102.72
104.06
103.78
103.04
102.94
103.26
102.86
103.05
103.74
103.9
104.43
104.39
