18.58
18.54
18.6
18.7
18.75
19.01
18.91
19.16
19.57
20.2
20.19
19.86
20.16
19.41
18.5
17.92
18.35
17.93
18.39
18.5
18.56
18.64
18.69
18.98
18.79
18.15
17.74
17.47
17.78
17.8
17.61
15.91
16.61
17.46
17.45
16.44
16.91
16.24
16.14
16.18
15.64
15.16
14.14
14.21
14.48
15.38
15.63
15.49
16.55
17.09
17.04
16.16
16.45
16.46
16.23
16.31
16.18
15.6
15.09
14.49
14.62
14.22
15.37
15.62
15.06
15.22
14.81
14.76
14.3
13.35
13.35
13.09
12.57
11.42
12.55
13.36
12.26
12.48
12.82
12.57
13.3
14.61
14.76
15.38
15.31
16.12
16.59
16.98
17.9
17.33
16.67
16.57
16.88
17.14
17.44
17.65
18.81
19.59
19.91
19.56
19.8
21.09
20.84
19.28
19.04
18.9
17.82
18.05
18.19
16.9
17.24
18.18
18.38
17.72
17.95
16.7
16.24
16.54
16.93
17.02
17.15
17.66
17.94
17.83
17.72
18.59
18.9
19.37
18.75
19.07
18.93
18.72
18.59
18.41
19.24
19.62
20.22
20.93
22.37
21.67
21.05
20.49
20.65
20.26
19.82
19.45
19.17
18.94
18.41
17.81
18.04
17.8
15.89
15.88
16.65
16.17
16.34
17.24
16.12
15.55
14.93
15.01
14.9
15.52
15.39
15.83
17.77
18.91
20.9
26.4
27.18
30.48
27.65
31.09
32.01
35.71
40.79
37.64
40.27
36.28
30.63
35.03
34.13
32.24
31.01
33.98
29.72
28.06
27.67
27.47
26.07
25.33
25.86
20.77
20.72
20.63
20.44
18.13
18.66
19.77
19.28
18.8
18.28
17.95
19.17
19.71
19.63
19.72
19.81
18.9
18.82
18.87
18.55
17.86
18.06
18.2
18.55
19.24
20.02
19.66
19.57
19.52
19.39
20.09
20.17
20.34
20.08
20.47
20.94
21.49
22.11
22.75
22.54
22.05
22.18
21.36
20.76
19.85
19.24
18.45
18.31
17.73
18.18
17.77
18.37
18.11
18.28
18.47
18.58
17.74
17.42
17.28
17.4
17.73
17.75
18.52
19.01
18.86
18.86
19.37
19.76
19.79
19.49
20.68
21.08
21.21
21.16
21.31
20.62
19.95
20.02
20.26
20.58
19.88
19.68
19.79
19.62
19.9
20.28
20.45
20.35
20.26
20.33
20.76
20.37
19.55
19.19
19.25
19.28
19.12
18.57
18.12
18.04
18.23
17.87
17.51
17.05
16.98
18
18.58
18.45
18.05
18.81
19.15
19.02
18.66
18.42
18.73
18.71
18.67
18.56
18.67
18.97
18.76
18.15
18.25
18.34
18.06
17.31
17.2
17.15
16.8
16.66
16.68
16.95
16.6
16.61
16.72
16.85
16.53
15.78
15.47
16.03
16.72
16.9
16.96
16.61
15.86
15.76
15.22
15.36
14.87
14.16
13.73
13.99
13.52
13.17
14.18
14
14.22
14.64
15.13
13.91
13.18
13.24
13.5
13.3
14.18
14.59
13.4
14.34
15.01
15.56
15.84
16
16.29
16.08
16.35
16.27
16.06
16.67
17.44
17.34
17.06
18.09
17.42
17.82
18.44
17.51
16.43
15.59
15.93
15.91
15.45
15.85
16.35
16.72
16.07
16.21
16.82
17.58
17.46
16.8
17.06
16.85
16
15.72
15.62
16.19
16.07
16.23
16.88
16.85
16.99
16.97
17.1
17.18
16.93
16.7
16.41
17.17
17.94
18.24
18.37
18.9
19.07
18.81
18.26
18.42
18.24
17.65
17.98
17.76
16.67
16.64
16.11
15.92
15.65
15.75
16.02
16.07
15.89
16.29
16.22
16.69
16.94
16.89
16.37
16.23
15.98
15.96
16.12
16.65
16.79
16.75
16.82
17.21
17.53
17.78
18.14
18.72
19.18
18.53
17.61
17.19
16.64
16.99
17.98
18.79
18.77
18.84
19.3
20.55
20.98
20.94
22.67
20.52
20.28
19.47
19.63
19.06
19.2
18.67
18.31
18.16
18.56
18.8
19.62
19.8
19.93
19.3
19.07
19.73
20.95
21.15
20.78
22.18
23.08
22.11
22.85
23.59
24.18
24.77
24.7
23.2
21.99
22.88
23.21
23.05
24.18
23.27
23.97
23.57
24.12
24.67
23.23
22.9
22.98
22.53
20.83
20.54
19.83
19.36
19.1
19.51
18.73
17.84
17.14
17.33
17.76
18.08
18.06
19.42
19.91
19.15
18.3
16.88
17.27
17.74
18.41
18.17
18.26
18.57
18.96
19.17
18.63
18.6
17.83
18.1
18.11
18.22
18.83
20.14
20.75
19.55
19.56
19.27
19.14
19.59
19.2
18.85
17.92
17.32
17.04
17.06
16
15.38
14.92
14.72
15.61
14.92
14.36
13.68
13.32
13.13
12.31
11.95
14.61
13.79
12.99
13.55
13.64
14
13.95
14.39
14.56
14.45
13.63
12.46
10.92
11.96
11.87
11.66
12.04
12.12
12.61
12.1
11.39
12
12.16
12.42
12.61
12.92
14.55
14.43
13.61
12.45
11.74
12.35
11.9
11.36
10.56
10.56
9.85
9.44
9.89
9.78
10.41
10.94
11.36
11.04
11.11
10.52
9.88
10.07
10.58
10.79
11.67
12.75
13.57
14.62
14.13
14.7
16.07
16.18
16.48
15.22
14.55
14.9
14.49
16.13
16.12
16.03
16.88
18.62
19.25
19.28
19.76
19.44
20.21
20.8
20.25
20.9
21.94
23.08
23.02
23.25
22.42
21.78
21.79
21.82
22.22
24.77
25.19
25.82
25.35
25.74
25.44
25.41
25.28
23.64
24.34
26.38
26.99
27.33
27.63
27.81
27.76
29.49
30.3
28.39
25.47
24.33
23.28
21.66
22.99
23.28
24.96
26.9
28.67
29.05
29.64
28.67
29.81
29.78
31.03
30.9
30.53
27.95
26.02
26.48
28.34
30.07
31.77
34.32
36.43
33.26
33.09
29.41
29.83
31.83
30.97
31.35
30.9
31.59
33.32
33.46
32.53
28.28
25.94
23.48
22.48
24.05
25.02
25.37
27.15
27.19
29.62
27.63
26.29
25.26
25.93
24.33
23.48
24.04
24
26
26.27
26.05
27.28
27.77
28.34
29.31
28.86
28.87
28.87
26.82
26.63
25.9
24.47
23.47
24.69
24.83
25.6
25.41
25.48
26.57
26.64
28.47
26.41
20.95
21.11
20.91
19.88
20.46
19.72
19.31
18.42
18.57
18.8
18.99
18.02
18.74
19.1
20.29
20.42
18.52
18.77
19.3
19.91
20.99
20.02
20.6
22.27
23.42
24.43
25.03
26.42
24.89
24.89
26.24
26.41
26.15
26.35
24.61
24
22.99
23.2
24.55
25.16
25.63
25.55
26.28
25.45
25.68
25.52
26.44
27.58
27.53
27.45
28.51
28.32
29.17
28.89
28.17
28.45
26.62
25.55
24.3
23.4
24.16
25.19
25.91
26.84
29.56
31.01
30.97
30.37
31.48
31.81
31.2
31.58
32.79
33
33.72
34.11
33.72
28.18
26.95
26.93
24.96
24.92
24.66
23.55
24.31
26.21
27.19
26.56
27.92
28.38
26.88
27.19
28.4
28.42
28.74
28.02
28.52
30.19
29.6
29.7
30.12
28.16
27.57
25.9
26.49
28.38
29.88
31
29.66
28.46
28.05
29.01
29.61
28.34
28.93
30.17
30.87
28.84
29.78
31.5
31.7
31.88
30.39
29.66
30.12
31.39
32.27
33.73
33.36
34.56
33.59
32.23
32.75
33.95
33.7
34.64
36.38
37.62
38.43
37.95
37.25
35.34
35.09
34.71
34
36.51
37.76
39.05
40.66
42.01
43.16
44.56
42.23
41
40.6
41.55
45.3
47.11
48.09
50.96
50.5
50.15
45.78
42.83
40.63
42.78
41.31
37.6
39.98
41.15
39.79
42.07
44.59
45.08
45.82
44.04
43.29
45.22
48.23
51.33
53.09
54.85
53.76
52.23
53.79
50.43
51.23
51.64
50.05
48.7
46.98
48.59
50.46
51.9
54.17
56.95
56.69
57.98
57.43
56.39
58.5
60.42
64.46
64.23
65.68
66.09
63.24
61.22
63.63
62.16
58.93
58.59
58.15
58.5
58.74
56.79
53.77
53.57
53.59
56.07
58.75
56.36
57.38
61.72
62.18
63.54
63.77
64
61.23
58.04
59.39
61.06
59.5
62.42
61.61
64.76
66.93
68.91
72.54
72.84
72.92
70.44
67.84
68.47
68.75
67.89
66.17
68.33
71.82
73.45
73.99
73.52
73.53
76.32
76.98
72.35
71.92
68.35
65.76
61.38
60.23
58.76
57.15
58.33
58.51
57.73
56.48
58.02
57.85
59.2
62.59
63.63
62.56
62.44
59.69
55.63
51.79
51.4
54.87
55.92
57.9
55.54
58.16
60.62
60.35
60.87
61.09
66.1
68.55
68.2
66.21
67.39
66.04
63.91
67.55
70.65
68.45
71.23
69.89
71.78
71.76
74.79
77.76
78.24
76.66
76.34
70.7
70.09
68.44
70.55
75.06
76.89
78.17
78.15
77.98
78.85
84.29
83.72
90.42
93.54
90.74
94.01
92.16
89.09
90.24
90.82
94.39
96.5
94.4
90.03
88.46
91.77
89.88
94.98
97.13
99.1
101.9
107.69
103.05
102.05
100.88
106.6
110.42
114.34
111.98
119.84
122.58
126.47
128.76
126.33
134.12
132.08
135.54
141.07
137.43
135.05
126.7
124.43
116.56
110.16
111.66
112.4
103.69
97.28
89.35
100.91
91.9
80.98
69.28
64.4
60.61
59.43
53.27
47.79
48.53
43.7
41.01
41.71
35.38
37.04
45.25
42.38
41.67
44.2
43.64
45.59
40.91
42.68
43.86
43.98
46.43
51.46
48.49
51.48
51.59
48.97
49.92
54.83
56.39
57.89
62.2
67.17
69.88
69.68
67.58
68.03
60.39
61.11
66.56
68.6
73.99
72.9
71.52
72.33
67.6
69.17
68.85
66.96
65.9
67.87
72.29
77.24
76.07
76.6
76.25
77.04
76.52
77.78
73.14
71.8
73.35
77.19
79.82
78.31
74.28
71.88
72.54
70.85
75.8
76.23
77.86
79.36
79.05
78.38
80.59
83.88
85.23
84.61
85.98
82.5
78.32
72.17
70.79
72.71
72.76
76.22
76.64
73.86
73.95
75.7
76.64
77.24
82.69
78.21
74.94
72.82
75.41
77.17
78.44
78.38
79.82
83.87
83.11
81.43
82.25
85.6
87.43
83.94
83.51
88.1
90.25
90.91
92.9
93.17
94.72
97.09
97.34
96.62
100.36
99.9
102.81
110.49
114.53
114.45
112.67
115.41
116.49
123.03
123.57
122.74
125.36
119.56
114.53
112.02
113.41
115.68
117.73
116.79
110.18
109.03
115.39
117.72
118.2
117.7
112.65
105.3
109.54
111.06
116.11
115.97
114.98
111.98
107.69
104.03
111.59
111.47
111.33
109.84
114.68
110.69
106.67
110.05
109.31
106.26
107.72
107.51
112.51
111.78
109.6
109.18
111.2
117.21
119.79
123.34
124.88
126.62
126.22
124.35
124.43
124.18
120.87
117.18
118.1
116.67
111.78
109.87
108.14
103.47
99.03
97.21
92.46
91.23
98.8
99.88
105.4
104.18
107.27
112.49
115.04
116.1
113.02
114.11
115.41
111.83
110.35
111.41
114.88
113.59
108.27
108.85
107.78
109.12
110.26
109.82
109.08
109.1
109.79
109.81
112.35
112.37
111.35
113.72
115.13
117.15
118.1
115.3
112.42
109.98
108.41
107.33
107.68
107.06
103.25
98.09
100.61
101.53
103.77
102.91
102.3
102.03
102.92
103.39
103.93
101.43
105.18
108.26
109.41
108.4
108.61
108.56
110.73
111.12
115.32
116.03
113.22
109.98
108.8
108.63
110.3
110.11
107.82
107.61
104.54
107.1
109.32
111.32
112.28
109.1
110.34
111.72
108.73
107.01
107.83
109.14
108.83
107.73
109.12
109.74
109.17
109.14
108.01
106.53
106.54
105.26
106.51
109.07
109.21
109.15
108.48
109.53
110.72
109.62
108.98
110.98
114.29
113.09
110.26
107.03
105.39
106.34
105.71
103.6
101.94
99.88
