TWIW	NASDAQW
8849.87	3882.62
9023.24	4064.27
9255.94	4235.4
9696.91	3887.07
10128.67	4244.14
10096.38	4411.74
9432.49	4590.5
9588.03	4914.79
9429.6	5048.62
8763.27	4798.13
9482.64	4963.03
9854.95	4572.83
9921.03	4446.45
9374.61	3321.29
9120.48	3643.88
8824.36	3860.66
8698.53	3816.82
8560.44	3529.06
9119.77	3390.4
8559.46	3205.11
8883.45	3813.38
9036.66	3874.84
8832.15	3860.56
8684.93	3845.34
8265.09	3966.11
8173.08	4023.2
8497.13	4246.18
8167.37	4094.45
8122.11	3663
7925.2	3787.36
7974.65	3789.47
8176.82	3930.34
8026.32	4042.68
7420.06	4234.33
7367.99	3978.41
7155.45	3835.23
6612.09	3803.76
6432.36	3672.82
6353.67	3361.01
5876.11	3316.77
5404.78	3483.14
5805.17	3278.36
5796.08	3451.58
6088.74	3028.99
5351.36	3027.19
5419.99	2904.38
5342.06	2645.29
5252.83	2917.43
5224.74	2653.27
4811.22	2517.02
4743.94	2470.52
5295.53	2407.65
5339.4	2626.5
5847.91	2770.38
6049.26	2660.5
5809.84	2470.97
6045.67	2425.38
5726.93	2262.51
5499.54	2117.63
5680.43	2052.78
5783.93	1890.91
5800.55	1928.68
5797.92	1840.26
5515.13	1720.36
5495.47	1961.43
5596.63	2163.41
5416.67	2075.68
5244.05	2191.53
5232.72	2107.43
5111.67	2198.88
5170.08	2251.03
5013.96	2149.44
5226.28	2215.1
5158.63	2028.43
4904.34	2034.84
4883.43	2160.54
4707.01	2004.16
4485.68	2084.79
4220.33	2029.37
4320.59	2029.07
4530.68	2066.33
4476.91	1956.47
4638.36	1867.01
4310.32	1916.8
4509.44	1805.43
4302.16	1687.7
3774.62	1423.19
3636.94	1498.8
3585.46	1605.3
3801.5	1703.4
3845.62	1671.31
4043.57	1768.96
3998.48	1745.73
4123.78	1828.48
4446.62	1898.58
4519.08	1903.2
4441.12	1930.58
5333.93	2021.26
5486.73	1953.17
5109.24	1945.83
5398.28	1987.26
5638.53	2059.38
5687.59	2022.46
5522.8	1930.34
5950.64	1937.7
5857.93	1911.24
5926.08	1818.88
5609.83	1724.54
5680.78	1802.74
6011.65	1929.67
5951.45	1868.3
6140.42	1851.39
6167.47	1845.35
6207.09	1770.03
6182.59	1756.19
6448.12	1796.83
6306.93	1663.89
5910.32	1613.03
5807.3	1600.85
5789.84	1741.39
5706.4	1661.49
5675.65	1615.73
5433.02	1535.48
5562.12	1504.74
5460.53	1440.96
5153.71	1463.21
5255.23	1448.36
5416.5	1373.5
5161.92	1319.15
4855.34	1262.12
4920.89	1247.92
4851.44	1306.12
4919.02	1361.01
4968.85	1380.62
4764.94	1314.85
4459.37	1295.3
4580.17	1291.4
4429.25	1221.09
4208.8	1199.16
4067.79	1139.9
3850.04	1210.47
4458.17	1287.86
4564.06	1331.13
4500.55	1360.7
4811.01	1359.28
4813.53	1411.14
4707.61	1468.74
4646.69	1478.78
4738.98	1422.44
4588.14	1362.42
4595.67	1363.05
4547.32	1348.31
4626.32	1387.08
4850.8	1447.72
4907.78	1376.19
5057.32	1342.14
4735.37	1320.91
4548.35	1349.02
4432.46	1337.52
4350.59	1305.29
4476.17	1340.33
4586.92	1421.84
4477.01	1369.6
4499.18	1383.51
4530.4	1358.85
4658.3	1425.5
4233.54	1434.54
4187.82	1502.88
4244.18	1520.15
4283.77	1538.53
4349.52	1510.09
4555.9	1595.91
4740.45	1627.42
4881.9	1626.49
5002.58	1644.72
4877.9	1625.26
5151.85	1663.46
5239.96	1733.93
5287.38	1708.5
5394.75	1730.7
5390.51	1715.62
5232.55	1644.03
5488.74	1702.01
5646.62	1765.32
5650.83	1810.45
5639.03	1858.24
5645.28	1855.03
5757.91	1905.7
5650.11	1792.07
5747.79	1880.57
5869.88	1915.31
6042.71	1912.36
5918.14	1865.59
6045.12	1932.21
6056.83	1970.74
6044.77	1930.26
5830.06	1893.88
5771.77	1960.26
5900.05	1937.82
5858.32	1949
5759.23	1951.02
5857.21	1973.14
6041.56	2006.68
6226.98	2086.92
6269.71	2140.46
6375.38	2066.15
6353.35	2064.01
6549.18	2053.56
6665.54	2037.93
6750.54	2029.82
6943.68	2047.63
6800.24	1984.73
6815.09	1940.47
6132.62	1960.02
6545.54	2057.17
6620.36	2052.88
6818.2	1995.74
6748.1	2049.77
6117.81	1920.15
6040.26	1917.96
5777.32	1904.25
5964.94	1912.09
6137.26	1986.74
5724.89	1978.62
5735.07	1999.87
5569.29	1986.73
5802.55	2025.47
5746.7	2006.66
5777.72	1946.33
5502.14	1883.15
5373.85	1849.09
5420.57	1887.36
5399.16	1776.89
5389.93	1757.22
5622.86	1838.02
5797.71	1862.09
5761.14	1844.48
5846.19	1894.31
5818.39	1910.09
5892.21	1879.48
5945.35	1942.2
6102.16	1919.97
5820.82	1911.5
5774.67	1915.14
5705.93	1974.99
5931.31	2038.94
5917.16	2085.34
6026.55	2070.63
5778.65	2101.97
5893.27	2147.96
5911.63	2128.07
6009.32	2135.2
6019.42	2160.62
6139.69	2175.44
5935.99	2088.61
5889.52	2087.91
5848.91	2034.27
5879.93	2035.83
6034.6	2086.66
6115.43	2058.62
6207.83	2065.4
6193.62	2070.61
6204.23	2041.6
6043.95	2007.79
6065.91	1991.06
6028.75	1984.81
6024.07	1999.35
5888.37	1908.15
5747.09	1932.19
5818.07	1921.65
5967.96	1967.35
5981.48	1976.78
5954.69	2046.42
5991.55	2075.73
6107.95	2071.43
6192.35	2063
6293.56	2090.11
6340.69	2053.27
6272.14	2057.37
6201.4	2112.88
6410.59	2156.78
6380.73	2179.74
6311.98	2184.83
6446.01	2177.91
6350.9	2156.9
6158.94	2135.56
6136.55	2120.77
6116.05	2141.07
6119.06	2175.51
6031.24	2160.35
5925.54	2116.84
6118.61	2151.69
6081.84	2090.35
5969.07	2064.83
5738.76	2082.21
5632.97	2089.88
5911.74	2169.43
6075.26	2202.47
6106.74	2227.07
6128.2	2263.01
6228.95	2273.37
6264.36	2256.73
6350.69	2252.48
6512.63	2249.42
6548.34	2205.32
6694.82	2305.62
6682.35	2317.04
6486.63	2247.7
6594.6	2304.23
6594.92	2261.88
6673.75	2282.36
6538.22	2287.04
6553.66	2302.6
6490.68	2262.04
6528.57	2306.48
6376.62	2312.82
6613.97	2339.79
6781.94	2339.02
6952.54	2326.11
7093.05	2342.86
7171.77	2322.57
7370.44	2342.57
7278.96	2243.78
7074.15	2193.88
6879.51	2210.37
6959.64	2219.41
6444.63	2135.06
6575.77	2129.95
6452.31	2121.47
6704.41	2172.09
6660.61	2130.06
6428.03	2037.35
6420.01	2020.39
6480.07	2094.14
6442.61	2085.05
6571.1	2057.71
6721.08	2163.95
6526.22	2140.29
6651.46	2193.16
6693.11	2165.79
6681.09	2235.59
6885.6	2218.93
6883.05	2258.43
6997.24	2299.99
7068.8	2357.29
7039.37	2342.3
7086.74	2350.62
7161.61	2330.79
7174.2	2389.72
7259.54	2445.86
7427.36	2460.26
7613.57	2413.21
7636.3	2437.36
7538.82	2457.2
7652.47	2401.18
7823.72	2415.29
7835.57	2434.25
7761.71	2502.82
7840.08	2451.31
7821.32	2435.49
7777.03	2475.88
7859.53	2459.82
7809.45	2496.31
7670.77	2368
7568.2	2387.55
7719.8	2372.66
7859.32	2448.93
7884.41	2421.64
8004.61	2471.34
8002.3	2491.94
7942.67	2526.39
7949.42	2557.21
8066.06	2572.15
8031.54	2562.22
8034.14	2558.45
8159.97	2557.19
8249.9	2613.92
8300.71	2573.54
8573.64	2626.71
8846.39	2588.96
8883.21	2603.23
9188.31	2666.51
9471.3	2707
9585.9	2687.6
9162.28	2562.24
9057.82	2511.25
8931.31	2544.89
8090.29	2505.03
8690.09	2576.69
8982.16	2596.36
9018.08	2565.7
9031.63	2602.18
9105.28	2671.22
9411.95	2701.5
9617.26	2780.32
9496.47	2805.68
9611.72	2725.16
9631.51	2804.19
9273.09	2810.38
8970.92	2627.94
8764.82	2637.24
8342.2	2596.6
8586.4	2660.96
8722.38	2706.16
8118.08	2635.74
7941.44	2691.99
8396.95	2674.46
8221.1	2504.65
8029.31	2439.94
8184.65	2340.02
7739.59	2326.2
7673.99	2413.36
7876.37	2321.8
8108.71	2303.35
8412.76	2271.48
8531.38	2212.49
8161.39	2212.49
8524.99	2258.11
8623.48	2261.18
8596.34	2370.98
8909.58	2290.24
9074.34	2402.97
8947.83	2422.93
8963.63	2476.99
8792.39	2445.52
9197.41	2528.85
8834.73	2444.67
8619.08	2522.66
8745.35	2474.56
8105.59	2454.5
7902.44	2406.09
7548.76	2315.63
7228.41	2245.38
7244.76	2239.08
6815.32	2282.78
7233.62	2310.53
7002.54	2310.96
7209.04	2414.1
7196.5	2452.52
6911.64	2414.71
7046.11	2367.52
6307.28	2255.88
6310.68	2261.27
5970.38	2273.9
5929.63	2183.34
5742.23	1947.39
5130.71	1649.51
4960.4	1711.29
4579.62	1552.03
4870.66	1720.95
4742.33	1647.4
4452.7	1516.85
4171.1	1384.35
4460.49	1535.57
4225.07	1509.31
4481.27	1540.72
4694.52	1564.32
4425.08	1530.24
4591.22	1632.21
4502.74	1571.59
4353.7	1529.33
4247.97	1477.29
4471.25	1591.71
4592.5	1534.36
4436.94	1441.23
4557.15	1377.84
4653.63	1293.85
4897.39	1431.5
4961.62	1457.27
5390.7	1545.2
5529.63	1621.87
5781.96	1652.54
5755.38	1673.07
5880.77	1694.29
5992.57	1719.2
6583.87	1739
6489.09	1680.14
6737.29	1692.01
6890.44	1774.33
6767.1	1849.42
6448.23	1858.8
6231.15	1827.47
6463.56	1838.22
6665.4	1796.52
6769.86	1756.03
6850.99	1886.61
6973.28	1965.96
7077.71	1978.5
6868.65	2000.25
7069.51	1985.52
6654.8	2020.9
6809.86	2028.77
7153.13	2018.78
7337.14	2080.9
7526.55	2132.86
7345.22	2090.92
7411.88	2048.11
7571.96	2139.28
7715.1	2156.8
7649.28	2154.47
7340.08	2045.11
7463.05	2112.44
7665.63	2167.88
7682.97	2146.04
7490.91	2138.44
7650.91	2194.35
7795.07	2190.31
7753.63	2211.69
7972.59	2285.69
8188.11	2269.15
8280.9	2317.17
8356.89	2287.99
7927.31	2205.29
7640.44	2147.35
7217.83	2141.12
7441.84	2183.53
7436.1	2238.26
7666.26	2326.35
7748.33	2367.66
7897.91	2374.41
7876.86	2395.13
8025.93	2402.58
8092.03	2454.05
8111.57	2481.26
8004.89	2530.15
8004.25	2461.19
7567.1	2265.64
7772.13	2346.85
7237.71	2229.04
7295.32	2257.04
7344.59	2219.17
7299.49	2243.6
7493.11	2309.8
7474.71	2223.48
7330.74	2091.79
7647.25	2196.45
7664.57	2179.05
7761.22	2269.47
7760.63	2254.7
7963.3	2288.47
7891.58	2173.48
7927.31	2179.76
7722.91	2153.63
7830.21	2233.75
7890.11	2242.48
8158.33	2315.61
8166.62	2381.22
8244.18	2370.75
8244.19	2401.91
8205.3	2468.77
8168.06	2479.39
8287.09	2507.41
8449.34	2578.98
8316.05	2518.21
8306.12	2518.12
8312.15	2534.56
8624.01	2591.46
8718.83	2637.54
8817.9	2642.97
8861.1	2665.6
8972.5	2652.87
8782.72	2703.17
8972.51	2755.3
8954.38	2689.54
9145.35	2686.89
8609.86	2769.3
8843.84	2833.95
8599.65	2781.05
8784.4	2784.67
8567.82	2715.61
8394.75	2643.67
8610.39	2743.06
8705.13	2789.6
8894.54	2780.42
8718.12	2764.65
8969.43	2820.16
9007.87	2873.54
8977.23	2827.56
9006.61	2828.47
8837.03	2803.32
8810	2796.86
9046.28	2732.78
8837.82	2643.73
8636.1	2616.48
8532.83	2652.89
8739.82	2816.03
8749.55	2859.81
8574.91	2789.8
8765.32	2858.83
8644.18	2756.38
7853.13	2532.41
7637.02	2507.98
7342.96	2341.84
7445.1	2479.85
7757.06	2480.33
7610.57	2467.99
7577.4	2622.31
7046.22	2483.23
7225.38	2415.4
7211.96	2479.35
7358.08	2667.85
7254.51	2637.46
7616.06	2737.15
7603.23	2686.15
7367.29	2678.75
7233.78	2572.5
6784.52	2441.51
7140.68	2626.93
6893.3	2646.85
6785.09	2555.33
7110.73	2618.64
7072.08	2605.15
7120.51	2674.22
7181.54	2710.67
7233.69	2786.7
7674.99	2816.55
7862.27	2903.88
7894.36	2951.78
7959.34	2963.75
8144.04	2976.19
8016.01	2988.34
8054.94	3055.26
8076.61	3067.92
7933	3091.57
7706.26	3080.5
7788.27	3011.33
7507.15	3000.45
7480.5	3069.2
7700.95	2956.34
7401.37	2933.82
7151.19	2778.79
7071.63	2837.53
7106.09	2747.48
6999.65	2858.42
7155.83	2872.8
7222.05	2892.42
7296.28	2935.05
7368.59	2937.33
7104.27	2908.47
7164.68	2925.3
7124.49	2958.09
7217.51	2967.9
7441.12	3020.86
7467.92	3076.59
7477.53	3069.79
7397.06	3066.96
7424.91	3136.42
7738.05	3183.95
7754.59	3179.96
7715.16	3116.23
7690.65	3136.19
7437.04	3044.11
7408.76	3005.62
7134.06	2987.95
7210.47	2982.13
7293.22	2904.87
7130.07	2853.13
7326.01	2966.85
7580.17	3010.24
7642.26	2978.04
7698.77	2971.33
7519.93	3021.01
7699.5	2960.31
7805.99	3101.66
7819.15	3125.63
7732.87	3134.71
7672.58	3149.71
7855.97	3179.1
7906.65	3193.87
7947.72	3161.82
7964.63	3169.74
8015.14	3244.37
7927.49	3249.07
7796.22	3245
7918.61	3267.52
7942.35	3203.86
7821.63	3294.95
7930.8	3206.06
8022.06	3279.26
8135.03	3378.63
8280.26	3436.58
8368.19	3498.97
8209.78	3459.14
8254.8	3455.91
8095.2	3469.22
7937.74	3423.56
7793.31	3357.25
8062.21	3403.25
8001.82	3479.38
8220.49	3600.08
8062.03	3587.61
8149.4	3613.16
8099.88	3689.59
7856.14	3660.11
7925	3602.78
7873.31	3657.79
8021.89	3589.87
8164.2	3660.01
8168.2	3722.18
8209.18	3774.73
8230.68	3781.59
8364.55	3807.75
8349.37	3791.87
8441.19	3914.28
8346.62	3943.36
8388.18	3922.04
8229.59	3919.23
8177.12	3985.97
8116.78	3991.65
8406.83	4059.89
8367.72	4062.52
8376.94	4000.98
8408.53	4104.74
8535.04	4156.59
8546.54	4131.91
8529.35	4174.67
8596	4197.58
8598.31	4128.17
8387.35	4103.88
8513.68	4244.02
8601.86	4263.41
8639.58	4308.12
8713.96	4336.22
8687.63	4245.4
8577.17	4276.79
8774.64	4155.76
8888.54	4127.73
8908.05	3999.73
8966.66	4095.52
8774.12	4075.56
8867.32	4123.9
8889.69	4071.87
8888.45	4090.59
9008.22	4185.81
9075.91	4242.62
9134.46	4321.4
9196.39	4310.65
9273.79	4368.04
9306.83	4397.93
9510.05	4485.93
9495.84	4415.49
9400.97	4432.15
9439.29	4449.56
9266.51	4352.64
9085.96	4370.9
9206.81	4464.93
9380.1	4538.55
9436.27	4580.27
