n}L基	n程蔼基	n程C基	nΜL基	nΘユq	ng锣v	nカ趣癍   nセqゑ	n鸦b趣
40.11	47.54	38.3	45.74	828	10.7972	11.216	82.86	14.76
46.19	50.02	42.81	45.29	384	5.0079	11.411	82.04	14.62
46.19	48.22	38.75	46.19	664	8.6652	11.075	83.67	14.91
46.42	47.99	38.98	43.94	624	8.1452	11.821	48.99	14.18
44.16	47.78	39.88	46.02	607	6.0842	12.137	51.31	14.87
45.73	47.48	41.18	42.79	424	3.632	13.923	47.71	13.08
41.92	43.97	36.35	37.23	526	4.5044	12.293	48.66	11.38
37.67	41.18	35.47	39.42	468	4.0106	13.827	41.38	12.05
39.57	39.57	29.17	29.31	577	4.939	12.611	30.77	8.96
29.31	32.83	23.89	28.73	1057	9.0488	13.642	30.15	5.55
29.6	35.91	25.5	26.23	1042	8.9222	12.879	20.16	5.07
25.5	27.55	21.84	23.01	522	4.4663	11.242	17.68	4.05
22.86	30.92	22.72	30.92	757	6.4834	12.049	23.76	5.44
30.48	30.92	25.94	26.38	585	5.0086	10.748	20.27	4.64
25.5	27.26	24.33	25.94	542	4.6385	10.331	19.93	4.57
25.79	26.82	23.01	26.67	511	4.3774	11.446	20.5	4.7
28.43	28.43	25.65	26.23	512	4.3812	11.953	16.48	4.62
26.53	29.02	24.62	26.89	479	2.8465	12.678	16.98	3.99
27.1	28.57	23.53	27.73	646	3.8412	14.592	17.51	4.11
28.78	29.83	25.21	26.89	863	5.1297	13.649	21.4	3.99
26.89	27.73	18.53	19.62	560	3.3311	12.152	15.62	2.91
19.58	28.15	18.32	25.63	1014	6.0292	14.796	20.4	3.79
26.26	33.4	25.42	30.67	1249	7.4235	15.206	39.04	4.53
31.72	37.81	31.51	36.76	1236	7.3485	14.435	46.79	5.41
36.76	39.07	34.66	36.76	1070	6.3574	13.817	46.79	5.41
36.55	37.39	33.61	34.45	410	2.4396	13.133	43.85	5.07
34.03	40.96	34.03	40.54	983	5.8415	14.238	51.6	5.97
40.33	40.96	36.55	36.76	681	4.0477	13.111	116.67	5.41
36.76	38.02	33.61	35.92	657	3.907	13.502	114	5.29
35.29	35.71	30.04	31.59	959	5.1539	13.079	100	4.5
31.59	33.21	23.23	23.46	1369	7.3533	10.132	74.26	3.34
23.23	25.78	20.3	23.18	1020	5.4789	10.328	43.02	3.3
23.13	23.69	18.58	19.09	857	4.6066	9.642	35.43	2.72
18.77	22.11	16.21	21.6	1823	9.7902	9.572	36.61	2.99
21.55	24.39	20.9	23.46	1360	7.3061	10.09	39.76	3.25
23.69	25.08	19.74	19.79	875	4.6991	8.895	33.54	2.7
19.97	23.92	19.7	22.16	873	4.6925	8.736	37.56	3.03
20.67	21.32	18.63	19.51	777	4.1732	8.673	33.07	2.66
19.93	23.09	19.04	19.65	1093	5.8735	8.944	33.31	2.68
19.28	22.48	19.23	22.2	1264	6.7895	10.521	45.96	3.03
22.16	25.55	21.69	24.85	1051	5.6462	10.739	51.44	3.39
25.55	27.87	25.32	26.48	1003	5.3877	10.663	54.81	3.54
26.48	31.56	26.48	29.79	1041	5.1388	10.957	61.46	3.99
30.04	34.08	28.27	33.83	959	4.7329	11.635	62.04	4.53
34.08	36.61	33.07	33.58	770	3.8038	11.581	61.57	4.49
33.58	36.1	32.57	33.83	856	4.2241	10.744	62.04	4.55
33.83	35.34	31.81	32.06	676	3.3386	10.623	38.02	4.31
31.81	33.83	29.54	32.06	818	4.0372	10.377	38.02	4.11
32.06	34.59	32.06	33.32	561	2.772	9.958	39.52	4.27
33.32	33.58	31.05	32.06	763	3.7655	8.753	38.02	4.11
32.06	34.59	27.77	30.29	1633	8.0596	8.538	25.75	3.89
30.04	32.57	28.53	29.03	1117	5.5133	8.668	18.91	3.72
29.03	30.04	26	28.27	1031	5.0892	8.627	18.42	3.63
28.27	28.78	24.89	28.48	1099	4.7028	8.791	18.33	3.26
28.54	28.72	23.95	25.24	1097	4.6941	8.343	16.25	2.89
25.24	28.72	24.95	27.66	950	4.0889	8.536	14.97	3.15
27.66	27.95	25.01	25.48	933	4.0144	7.68	13.79	2.9
25.83	26.77	24.3	25.77	875	3.7657	7.964	13.86	2.9
25.95	30.01	25.6	27.83	1543	6.6375	8.337	12.78	3.13
27.25	30.31	27.19	29.72	1057	4.5464	8.46	13.65	3.1
30.01	30.89	27.19	30.6	941	4.0471	8.847	14.05	3.19
30.89	32.66	30.6	32.36	872	3.7541	8.997	14.86	3.37
32.07	32.31	29.3	30.31	866	3.7272	8.674	13.92	3.16
30.31	31.19	28.89	30.54	750	3.2294	9.017	13.07	3.18
30.72	33.6	30.72	33.48	912	3.9223	9.563	14.63	3.49
33.13	37.18	32.84	35.62	1118	4.523	9.44	15.1	3.28
35.62	37.37	34.14	34.4	991	4.0108	8.977	14.58	3.17
34.4	36.27	33.04	34.91	833	3.3725	9.404	15.65	3.21
34.27	34.98	32.65	34.46	799	3.2331	9.141	15.45	3.17
34.53	35.43	31.49	33.62	846	3.4245	9.463	15.07	3.35
33.94	38.92	33.49	38.47	1102	4.4601	10.043	17.98	3.83
38.47	41.57	38.34	40.41	2745	11.1037	9.925	18.88	3.76
39.96	44.22	38.79	41.06	878	3.5512	10.069	19.18	3.82
41.38	42.99	38.99	39.37	686	2.7758	9.601	18.4	3.66
38.99	41.9	38.08	41.51	1008	4.076	10.031	19.4	3.86
41.51	45.26	41.25	44.03	796	3.2187	9.815	18.02	4.1
43.06	45.19	38.34	38.99	1039	4.2019	9.035	13.64	3.63
39.76	41.12	36.14	41.05	1134	4.3921	9.214	13.77	3.16
41.12	41.68	36.76	38.52	846	3.2785	8.963	12.92	2.96
38.59	42.38	38.24	40.84	808	3.1296	9.262	12	3.14
40.98	42.94	39.5	41.96	744	2.8833	9.187	12.33	3.23
42.03	45.83	41.12	42.87	799	3.0967	9.163	12.6	3.53
43.16	46.04	42.1	46.04	894	3.4638	9.141	12.72	3.79
45.97	47.79	44.56	47.44	707	2.74	8.983	13.11	3.62
47.65	50.4	44.98	47.37	1246	4.827	9.123	13.09	3.62
47.65	49.27	46.25	48.71	596	2.3074	9.144	13.46	3.72
46.88	49.76	44.49	47.72	1956	7.5756	9.026	13.18	3.65
47.65	49.55	47.23	48.29	755	2.9226	9.112	13.96	3.69
48.29	48.92	46.6	47.93	1080	4.181	8.722	15.57	3.66
48.36	53.22	47.9	53.14	1546	5.8542	8.515	16.53	3.54
53.14	54.79	47.3	48.72	1566	5.9262	7.505	15.15	3.25
47.97	48.35	43.92	47	1530	5.7926	7.432	15.83	3.13
47	47.9	45.2	47.45	754	2.8555	7.188	15.98	3.16
47.6	49.17	44.67	47.82	1287	4.8702	7.099	16.44	3.58
48.27	48.27	43.03	45.42	1441	5.4551	7.612	15.62	3.4
45.5	47.6	43.92	46.47	1735	6.5689	7.951	15.98	3.27
46.47	46.47	37.18	44.9	1534	5.8059	8.625	15.44	3.16
45.72	47.67	44.75	46.17	884	3.4524	7.759	15.88	3.15
45.05	51.95	44.6	47.3	1398	5.4573	7.575	15.28	3.23
46.85	50.6	46.32	50	1082	4.2242	7.601	15.66	3.41
50.97	52.32	48.35	49.17	1446	5.6426	7.688	14.2	3.35
49.85	51.65	46.92	48.72	1478	5.7685	8.704	14.07	3.27
47.97	48.8	42.84	45.25	1332	5.0962	8.214	12.41	2.89
44.29	50.08	44.29	47.43	1539	5.9426	8.519	12.64	3.02
46.38	46.38	40.1	42.27	1609	6.2126	9.342	11.27	2.67
43.48	43.48	29.39	38.65	1475	5.6976	10.024	10.21	2.81
39.86	39.86	29.31	32.85	1230	4.801	9.221	8.66	2.36
32.05	37.12	29.39	35.75	1289	5.0338	9.733	9.43	2.46
37.04	37.93	31.16	32.37	790	3.0834	9.532	8.45	2.23
33.17	37.8	32.65	36.19	1434	5.5987	9.908	9.44	2.49
37.04	42.68	35.55	41.39	1580	6.1688	10.493	13.18	2.85
41.79	44.45	39.94	44.45	1801	7.028	9.795	14.15	3.06
47.43	49.04	43.64	48.63	1765	6.8878	8.918	21.12	3.35
48.72	48.8	41.07	44.04	1652	6.4469	8.647	19.13	2.91
43.72	50.64	43.16	50.38	1495	5.7752	8.523	20.67	3.17
50.12	51.15	48.33	50.64	998	3.855	8.89	22.17	3.18
50.81	55.6	50.21	55.17	1200	4.6365	8.82	24.16	3.47
55.6	55.77	50.46	51.32	1492	5.7608	8.379	22.47	3.58
50.89	54.06	50.46	52.26	1133	4.3778	8.167	22.97	3.65
52.6	55.17	51.66	55.17	1038	4.0092	7.943	24.25	3.61
55.6	55.68	50.81	52.6	1018	3.933	8.369	23.12	3.44
51.92	51.92	48.75	50.29	726	2.8027	8.205	22.11	3.29
50.89	53.37	49.78	52.6	1132	4.3726	8.045	17.88	3.44
52.6	55.51	52	52.86	1059	4.0912	7.727	17.97	3.46
53.54	53.54	49.35	51.49	986	3.8098	8.269	12.86	3.37
51.23	54.48	49.87	51.83	906	3.5008	8.32	12.95	2.97
51.83	56.74	51.23	56.11	1074	4.148	8.075	13.33	3.06
56.29	56.47	52.52	52.97	989	3.8208	7.725	11.11	2.89
53.33	56.02	52.79	55.75	1028	3.9681	7.503	11.7	3.04
55.93	56.74	54.05	56.47	811	3.1312	7.565	11.87	3.3
57.01	58.18	56.65	57.01	839	3.2401	7.529	10.69	3.33
57.37	67.45	57.37	63.85	1496	5.7763	7.797	11.97	3.43
64.3	70.41	62.59	68.61	1353	5.2238	8.423	12.87	3.68
69.24	69.24	62.86	63.4	1033	3.989	8.219	11.89	3.4
62.95	64.93	59.08	63.49	1268	4.8942	7.919	11.91	3.41
63.58	66.46	61.15	65.83	983	3.794	7.916	11.73	3.54
66.46	69.15	65.65	68.97	987	3.8097	8.309	12.1	3.7
68.61	70.32	64.39	67.73	1295	4.9983	8.111	11.39	3.08
67.73	69.32	64.26	67.54	1027	3.9652	8.077	11.36	3.07
67.54	68.29	58.35	65.1	1270	4.9018	8.682	11.25	2.96
65.1	67.64	61.82	65.67	1073	4.1443	9.561	11.35	2.99
65.67	69.42	63.88	69.04	847	3.2715	9.531	13.31	3.38
68.95	71.29	66.89	69.98	883	3.41	10.646	13.49	3.43
70.82	72.04	67.54	71.11	715	2.762	10.275	13.71	3.28
70.36	74.58	69.98	73.64	750	2.8945	9.988	14.2	3.4
72.7	76.08	70.92	76.08	974	3.7597	9.502	14.67	3.51
75.98	81.14	73.45	79.64	825	3.1838	10.179	16.39	3.68
79.55	84.24	76.45	81.43	752	2.9017	11.004	16.76	3.76
81.61	83.49	73.26	79.83	947	3.6572	11.058	16.79	3.68
76.64	76.64	71.39	76.27	876	3.3809	10.562	16.04	3.19
76.45	79.86	71.79	78.79	1154	4.4529	10.558	15.98	3.18
77.92	81.61	77.04	81.03	744	2.8707	10.615	15.72	3.27
81.22	87.35	78.79	87.35	744	2.8702	10.978	16.94	3.52
86.77	88.81	82.2	86.28	798	3.0814	11.672	14.73	3.66
86.18	96.11	85.31	96.01	843	3.2544	12.299	16.4	4.08
95.62	96.69	92.02	94.35	695	2.6835	11.858	16.11	3.73
94.94	99.22	94.45	98.73	770	2.9707	12.131	16.86	3.9
98.73	106.51	97.76	101.65	474	1.83	12.368	16.3	4.02
100.19	102.14	95.33	97.76	837	3.2313	11.83	15.68	3.86
98.25	106.51	94.84	106.51	747	2.8844	12.6	17.08	4.21
107	113.32	105.05	106.51	629	2.4261	12.325	16.49	4.21
105.05	107.97	97.27	107.97	729	2.8138	12.787	16.72	3.74
106.03	110	96.9	102.5	1069	4.1243	11.725	15.44	3.46
102	103	92.9	100.5	837	3.2313	11.614	14.3	3.39
100	106	99.6	100.5	643	2.4801	11.397	14.3	3.39
100.5	111.5	100.5	109.5	649	2.5037	11.993	15.58	3.8
110.5	110.5	100	105	616	2.3772	11.481	14.73	3.65
105	106	101	105.5	566	2.1864	11.239	14.8	3.4
105	108.5	100.5	105	639	2.4671	11.389	14.73	3.39
102	108.5	100.5	108	708	2.7341	11.402	14.88	3.48
108	118.5	106.5	118.5	947	3.6541	12.193	16.32	3.82
119	123	116.5	118.5	737	2.8445	12.255	16.32	3.82
119	124	116	119.5	644	2.4849	11.947	15.77	3.85
120	127	120	126.5	564	2.1787	12.195	16.69	3.65
