"XAU.TWD" "USD.TWD" "CNY.TWD" "CHF.TWD"
"1" 41166.45 29.17 4.4254 31.1787
"2" 41421.9 29.1405 4.4209 31.183
"3" 41428.45 29.145 4.4148 31.1895
"4" 42847.45 30.2 4.5828 32.2991
"5" 40961.05 29.175 4.4153 31.0043
"6" 40233.85 29.17 4.4241 30.5575
"7" 40216.9 29.26 4.4157 30.2794
"8" 40159.4 29.36 4.4298 30.4241
"9" 40210.1 29.36 4.4289 30.3523
"10" 40163.35 29.325 4.4247 30.3153
"11" 40133.4 29.255 4.4088 30.26
"12" 40255.5 29.2 4.4108 30.0933
"13" 40943.35 29.6 4.4818 30.4399
"14" 40403.35 29.1875 4.4186 30.1564
"15" 39749.6 29.02 4.4034 30.086
"16" 39527 29.022 4.4041 30.1255
"17" 39599.95 29.075 4.4133 30.1787
"18" 39554.5 29.04 4.4049 30.0966
"19" 39665.2 29.03 4.4087 30.1838
"20" 39834.65 29.03 4.4101 30.253
"21" 39822 29.25 4.4408 30.508
"22" 39145.1 29.0941 4.4196 30.1953
"23" 38811.5 28.905 4.3904 30.1604
"24" 38811.7 28.905 4.3902 30.1588
"25" 39139.35 29.055 4.414 30.3797
"26" 38635 29.025 4.4095 30.6483
"27" 38760.15 29.06 4.4147 30.8097
"28" 39177 29.31 4.4532 31.0484
"29" 38629.7 29.28 4.4475 30.9984
"30" 38647.1 28.9075 4.3916 30.6875
"31" 38837.15 29.045 4.4121 30.8311
"32" 38755.95 29.04 4.3977 30.8331
"33" 38794.35 29.03 4.402 30.8438
"34" 38828.65 29.03 4.4263 30.9895
"35" 38793.75 29.03 4.4263 30.7849
"36" 39213.2 29.03 4.4263 30.5676
"37" 38892.3 28.835 4.3966 30.189
"38" 39216.8 29.075 4.4332 30.4299
"39" 39145.4 29.0325 4.4244 30.3657
"40" 39203.55 28.9113 4.411 30.2388
"41" 39242.55 28.78 4.3674 29.9016
"42" 39362.85 28.93 4.3936 30.0534
"43" 39936.15 29.315 4.4485 30.1837
"44" 39537.7 29.1375 4.4243 29.94
"45" 39777.7 29.315 4.4486 30.1188
"46" 39850.85 29.31 4.4441 30.1475
"47" 40297.75 29.45 4.468 30.3865
"48" 40429.85 29.4246 4.4662 30.491
"49" 40573.05 29.42 4.4686 30.7734
"50" 40738.5 29.4 4.4712 30.9487
"51" 40610.95 29.215 4.443 30.9312
"52" 40611.15 29.215 4.4437 30.937
"53" 41076.35 29.366 4.4699 31.0297
"54" 41402.75 29.53 4.4885 31.2818
"55" 41500.4 29.575 4.4974 31.5864
"56" 42093.35 29.805 4.5328 32.1162
"57" 41273.75 29.3725 4.4682 31.6835
"58" 41430.15 29.3725 4.4682 31.6422
"59" 41428.7 29.3725 4.4688 31.6381
"60" 42014 29.75 4.5282 32.0585
"61" 41875.2 29.54 4.4955 31.7643
"62" 42455.5 29.635 4.5088 31.9947
"63" 42046.4 29.45 4.4809 31.7781
"64" 41813.05 29.4326 4.4797 31.6534
"65" 42055.35 29.39 4.4741 31.7603
"66" 41991.9 29.34 4.4668 31.7286
"67" 42270.45 29.426 4.4874 31.7927
"68" 42011.55 29.3648 4.4742 31.5468
"69" 42021.55 29.4042 4.4797 31.5267
"70" 41755.7 29.35 4.4681 31.5001
"71" 41588.6 29.403 4.4722 31.5641
"72" 41924.45 29.57 4.497 31.808
"73" 41930.55 29.57 4.497 31.8175
"74" 42144.6 29.57 4.4984 31.8849
"75" 41650.25 29.559 4.4978 32.0856
"76" 41326.55 29.5441 4.4956 32.2748
"77" 41300.8 29.5438 4.4936 32.7789
"78" 41802.8 29.5691 4.4986 32.7409
"79" 41982 29.595 4.505 32.852
"80" 41987 29.595 4.505 32.8567
"81" 42245 29.5833 4.5051 32.7041
"82" 42152.75 29.5291 4.5028 32.6709
"83" 42318.95 29.5512 4.5075 32.696
"84" 42523.7 29.5698 4.5079 32.5476
"85" 42265.3 29.5037 4.4975 32.3304
"86" 42082.65 29.435 4.4871 31.997
"87" 42080.35 29.435 4.4871 31.9897
"88" 41855.1 29.4433 4.4866 32.0183
"89" 41799.75 29.475 4.4908 32.0974
"90" 41867.45 29.4771 4.4934 31.9845
"91" 42137 29.4671 4.4979 32.1443
"92" 42013.4 29.3717 4.4859 31.8284
"93" 41787.4 29.25 4.4662 31.6628
"94" 41787.3 29.25 4.4662 31.6593
"95" 41903.45 29.2495 4.47 31.6734
"96" 42135.5 29.2641 4.4744 31.6779
"97" 42648.45 29.2811 4.4747 31.7862
"98" 42452.85 29.1181 4.449 31.7257
"99" 42486.6 28.9565 4.428 31.7263
"100" 42658.45 28.925 4.4253 31.902
"101" 42217.05 28.625 4.3792 31.5592
"102" 42540.1 28.9242 4.4247 31.8531
"103" 42208.15 28.956 4.4278 32.1141
"104" 42369.85 29.085 4.4495 32.4217
"105" 42517.65 29.0725 4.4512 32.5249
"106" 42875.65 29.0019 4.4414 32.4692
"107" 43107.6 28.99 4.4392 32.4909
"108" 43106.4 28.99 4.4392 32.4877
"109" 43170.25 29.012 4.443 32.4019
"110" 43445.65 29.085 4.4534 32.402
"111" 43617 29.081 4.4549 32.5163
"112" 43570.05 28.9419 4.4458 32.7074
"113" 43513.1 28.875 4.4464 32.5897
"114" 43503.15 28.875 4.4464 32.5782
"115" 43503.05 28.875 4.4464 32.5807
"116" 43674.55 28.8782 4.4469 32.6989
"117" 43423.65 28.908 4.4364 32.8536
"118" 43630.7 28.8833 4.431 33.0014
"119" 44120.85 28.8192 4.4299 33.0238
"120" 44184.7 28.6804 4.4153 32.9828
"121" 44856.2 28.685 4.4191 33.1504
"122" 44857.05 28.685 4.419 33.1496
"123" 44612.7 28.685 4.4191 33.1192
"124" 44237.7 28.6828 4.4163 33.1904
"125" 43773.2 28.6013 4.4017 33.2038
"126" 43001.75 28.57 4.3995 33.1116
"127" 42463.1 28.5786 4.401 32.7481
"128" 42787.7 28.61 4.4064 32.5428
"129" 42786.7 28.61 4.4067 32.5532
"130" 43014.1 28.6111 4.4059 32.6778
"131" 43294.95 28.615 4.4063 32.6501
"132" 43203.75 28.51 4.3904 32.3278
"133" 42707.65 28.51 4.3881 32.1703
"134" 42926.5 28.5376 4.3918 32.1743
"135" 42817.8 28.64 4.4072 32.0775
"136" 42815.6 28.64 4.4081 32.0753
"137" 42822.2 28.6674 4.4081 32.2644
"138" 42903.95 28.8203 4.4292 32.5773
"139" 43060.25 28.8503 4.4352 32.7637
"140" 43110 28.8513 4.4351 32.723
"141" 43261.9 28.82 4.4338 32.7477
"142" 43556.5 28.81 4.4365 32.8264
"143" 43566.55 28.815 4.4371 32.8272
"144" 43623.15 28.8511 4.438 32.7344
"145" 44068.8 28.985 4.4582 32.8496
"146" 44215.2 28.9818 4.4619 33.0467
"147" 44097.9 28.9345 4.4568 33.2731
"148" 44140.35 28.885 4.4498 33.6704
"149" 44264.65 28.81 4.4374 33.9189
"150" 44264.65 28.81 4.4384 33.9225
"151" 44277.95 28.81 4.4416 33.8346
"152" 44231.6 28.7739 4.4395 33.7924
"153" 43975.7 28.6301 4.419 33.7757
"154" 44278.55 28.785 4.4412 34.1563
"155" 44132.75 28.75 4.436 34.2134
"156" 44263.1 28.7035 4.43 34.4258
"157" 44204.75 28.665 4.4239 34.3753
"158" 44292.15 28.66 4.4235 34.2967
"159" 44237.85 28.6368 4.4192 34.2682
"160" 44126.05 28.67 4.423 34.2756
"161" 44160.45 28.7039 4.4317 34.2263
"162" 44225.25 28.7359 4.4345 34.1338
"163" 44068.8 28.78 4.4398 34.1372
"164" 44068.85 28.78 4.4398 34.1372
"165" 43961.75 28.7934 4.4408 34.2503
"166" 43830.9 28.84 4.4497 34.3427
"167" 43963.55 28.84 4.4499 33.9784
"168" 44084.3 28.8591 4.4544 33.9046
"169" 44263.65 28.92 4.4681 34.0881
"170" 44520.9 28.92 4.4689 34.0797
"171" 44520.85 28.92 4.4685 34.0765
"172" 44514.9 28.9264 4.4687 34.146
"173" 44649.5 28.9304 4.4708 34.3076
"174" 44681.3 28.8568 4.4635 34.3327
"175" 44323.2 28.8487 4.4612 34.3254
"176" 43797.7 28.8839 4.4616 34.4856
"177" 43410.05 28.89 4.4727 34.6777
"178" 43409.1 28.89 4.4625 34.6755
"179" 43326.55 28.9016 4.4557 34.5777
"180" 43408.3 28.9333 4.4712 34.7167
"181" 43553.8 28.91 4.4728 34.7065
"182" 43599.95 28.9007 4.471 34.581
"183" 43058.55 28.8328 4.4598 34.1223
"184" 42772.8 28.75 4.4464 33.9578
"185" 42711.95 28.71 4.4405 33.8987
"186" 42941.7 28.75 4.4487 33.8979
"187" 43200.4 28.7565 4.4478 33.9925
"188" 43748.3 28.7904 4.452 34.2554
"189" 44089.25 28.8285 4.4582 34.2449
"190" 44218.85 28.815 4.4565 34.1774
"191" 44496.15 28.815 4.4574 34.4393
"192" 44496.15 28.815 4.4567 34.4373
"193" 44584 28.8173 4.4566 34.4414
"194" 44811.95 28.8509 4.4607 34.5613
"195" 45475.9 28.9009 4.4656 34.9156
"196" 45799.15 28.8578 4.4554 35.4275
"197" 45696.1 28.8261 4.479 35.3324
"198" 46042 28.89 4.4895 35.4453
"199" 46042 28.89 4.4918 35.469
"200" 46217.35 28.8992 4.4723 35.4583
"201" 46308.65 28.9192 4.4722 35.2952
"202" 45957.2 28.8833 4.4786 35.1339
"203" 46127.05 28.8643 4.4793 35.1885
"204" 46029.55 28.8654 4.4826 35.2734
"205" 46152.35 28.82 4.4756 35.1863
"206" 46149.1 28.82 4.4756 35.2143
"207" 46536.5 28.82 4.4745 35.6427
"208" 46511.45 28.8206 4.4788 35.9001
"209" 46682.4 28.8119 4.4796 35.9488
"210" 46460.2 28.775 4.4712 35.8885
"211" 46600.25 28.7893 4.4749 36.1363
"212" 46992.1 28.88 4.4901 36.7519
"213" 46990.65 28.88 4.4901 36.7164
"214" 46730 28.88 4.4961 36.6593
"215" 47087.8 28.88 4.4951 37.1406
"216" 48020.6 28.88 4.493 37.5685
"217" 48030.3 28.88 4.4929 37.3653
"218" 47842.1 28.88 4.4877 37.7142
"219" 48065.2 28.88 4.4877 37.6538
"220" 48129.15 28.88 4.4877 37.765
"221" 49136.35 28.88 4.4927 38.0541
"222" 50367.3 28.88 4.4864 38.8433
"223" 50908.15 28.88 4.5009 39.8051
"224" 51482 28.9308 4.5289 39.0351
"225" 50788.05 28.9931 4.5463 37.7888
"226" 50616.75 28.9805 4.5461 37.2636
"227" 50616.85 28.9804 4.5461 37.2481
"228" 50329.35 28.8472 4.5241 36.6133
"229" 51156.55 28.841 4.5253 36.7196
"230" 51702.4 28.9186 4.5372 36.5384
"231" 52222.05 28.9573 4.5406 36.5495
"232" 53526.8 28.9847 4.5405 36.6697
"233" 53559.1 28.9186 4.5366 36.8406
"234" 53426.9 28.837 4.524 36.7186
"235" 54422.7 28.9752 4.541 36.7916
"236" 54549.2 28.9892 4.5415 36.7392
"237" 52825.1 29.0046 4.545 36.5952
"238" 50606.2 29.0174 4.5439 36.496
"239" 51752.95 29.0405 4.5472 36.4343
"240" 53079.95 29.0244 4.5491 35.994
"241" 52928.4 28.9255 4.5339 35.8676
"242" 52514.4 29.0129 4.5488 35.6711
"243" 52438.6 29.0255 4.5526 35.4763
"244" 53105.8 29.015 4.5516 35.7368
"245" 52816.4 28.9551 4.5421 36.1381
"246" 53672.05 29.0012 4.5467 36.7898
"247" 54661.5 29.0279 4.5505 36.8194
"248" 54820.95 29.11 4.5637 36.9244
"249" 54937.8 29.0667 4.5543 36.9174
"250" 55100.05 29.0879 4.5547 35.3069
"251" 53607.85 29.1017 4.5558 33.8885
"252" 53637.75 29.1303 4.5619 33.7019
"253" 54284.8 29.1907 4.5696 33.2625
"254" 54199.15 29.21 4.5645 33.052
"255" 54581.2 29.4153 4.5969 33.2732
"256" 54204.05 29.4812 4.6061 33.2702
"257" 53694.55 29.4305 4.5974 33.4064
"258" 54090.45 29.5773 4.6317 33.6327
"259" 53444.05 29.6358 4.6457 33.9007
"260" 52840.35 29.5654 4.6399 33.8614
"261" 53552.4 29.56 4.6417 33.7578
"262" 53555.45 29.56 4.6417 33.7486
"263" 53699.75 29.6958 4.6622 33.641
"264" 53478.3 29.8807 4.6808 33.7502
"265" 53931.4 29.9222 4.6921 33.5498
"266" 53325.15 30.3041 4.7279 33.4568
"267" 52039.65 30.4461 4.7428 33.6304
"268" 50260 30.3342 4.7252 33.5257
"269" 50199.5 30.297 4.7197 33.4849
"270" 49374.95 30.504 4.7636 33.6372
"271" 50224.45 30.464 4.7711 33.8489
"272" 49874.35 30.4051 4.7677 33.8855
"273" 49217.8 30.4942 4.7684 33.9886
"274" 49525.4 30.5029 4.7626 33.8305
"275" 49469.5 30.465 4.7625 33.5481
"276" 49678.4 30.5925 4.7825 33.6756
"277" 50303.25 30.589 4.7822 33.5376
"278" 50602.15 30.6555 4.7924 33.2809
"279" 49675.75 30.5806 4.7917 33.1911
"280" 50379.1 30.6152 4.8042 33.1384
"281" 50378.2 30.5073 4.7913 33.1282
"282" 49945.8 30.49 4.7893 32.8879
"283" 49889.55 30.4536 4.7837 32.843
"284" 50480.15 30.432 4.7881 33.2871
"285" 50705.8 30.3612 4.7778 33.4945
"286" 50834.85 30.3623 4.7656 33.6501
"287" 50655.35 30.2972 4.7424 33.75
"288" 50688 30.3009 4.741 33.7958
"289" 50769.7 30.2049 4.7294 33.8751
"290" 50662.55 30.1425 4.7199 33.8005
"291" 50622.25 30.1195 4.7197 33.6514
"292" 50071.6 30.1502 4.7196 33.5268
"293" 49781.55 30.1154 4.7178 33.4825
"294" 49035.2 30.1962 4.7267 33.5381
"295" 49314.75 30.2667 4.7387 34.0598
"296" 49616.85 30.2215 4.7349 34.2426
"297" 49211.5 29.974 4.6964 33.9525
"298" 49696.4 30.133 4.7239 34.1037
"299" 50230.75 30.125 4.73 34.2279
"300" 51617.7 30.1274 4.7295 34.2854
"301" 51941.15 30.0853 4.7277 34.5047
"302" 52092.3 29.899 4.709 34.6849
"303" 52089.8 29.865 4.7029 34.5944
"304" 52095.05 29.8697 4.7037 34.5969
"305" 51539 29.9046 4.7085 34.3683
"306" 51424.15 30.0516 4.7233 33.9776
"307" 52062.15 30.1207 4.7369 34.0474
"308" 52627.65 30.1852 4.7528 34.1594
"309" 53058.95 30.181 4.757 34.1905
"310" 52747.1 30.0568 4.7348 33.9726
"311" 52836.35 30.107 4.7429 34.0084
"312" 53323.75 30.0959 4.7437 33.5882
"313" 53928.45 30.0907 4.7476 33.4329
"314" 53739.45 30.0641 4.7482 33.3883
"315" 53286.65 30.2253 4.7648 33.2671
"316" 53369.8 30.1739 4.7599 33.3552
"317" 53978.35 30.18 4.7635 33.5375
"318" 53711.4 30.0302 4.7347 33.3735
"319" 53634.85 30.0458 4.7391 33.2754
"320" 53620.1 30.2068 4.7561 33.0909
"321" 53559.95 30.2201 4.7579 32.9273
"322" 52926.05 30.2258 4.761 32.8614
"323" 52176.45 30.2624 4.7637 32.9857
"324" 52343.95 30.3645 4.7824 33.1271
"325" 52314.8 30.406 4.7829 33.1685
"326" 51739 30.2888 4.7636 33.0054
"327" 51210.15 30.3115 4.7578 33.1201
"328" 51555.6 30.3774 4.7648 33.1346
"329" 51533.3 30.4106 4.7647 33.0889
"330" 51320.2 30.4266 4.7677 32.8967
"331" 51180.45 30.4422 4.768 32.7449
"332" 51172.2 30.4367 4.7671 32.7424
"333" 51931.6 30.424 4.7688 32.9076
"334" 52029.45 30.3905 4.769 32.9921
"335" 52359.65 30.3286 4.7667 33.0341
"336" 52625.85 30.1414 4.7438 33.0143
"337" 52640 30.1357 4.746 32.86
"338" 52836.35 30.2545 4.7656 32.8396
"339" 53060.65 30.3814 4.7858 32.9765
"340" 52584.7 30.1948 4.7574 32.8038
"341" 51913.5 30.2098 4.7614 32.6812
"342" 52220.45 30.1654 4.7546 32.594
"343" 52239.6 30.1695 4.7563 32.6259
"344" 51728.55 30.2097 4.7611 32.6646
"345" 51788.45 30.2616 4.773 32.7811
"346" 51852.5 30.2985 4.7773 32.8127
"347" 50991.5 30.2377 4.744 32.5173
"348" 50237.7 30.2732 4.7423 32.2639
"349" 49062 30.2807 4.7351 31.9562
"350" 47835.35 30.3374 4.7367 32.0276
"351" 48176.3 30.3477 4.7527 32.3318
"352" 48536.9 30.355 4.7614 32.4261
"353" 48503.55 30.3328 4.7581 32.3994
"354" 48451.25 30.3753 4.7636 32.4226
"355" 48692.1 30.3571 4.7622 32.5021
"356" 49083.6 30.2814 4.7585 32.5043
"357" 48765.5 30.2874 4.7596 32.3605
"358" 48707.5 30.2773 4.7626 32.3498
"359" 48700.2 30.3042 4.7677 32.3585
"360" 48736 30.3255 4.7713 32.3821
"361" 48661.8 30.2986 4.7666 32.3707
"362" 48403.3 30.3107 4.7712 32.4139
"363" 47983.3 30.3282 4.7697 32.398
"364" 46822.65 30.2849 4.758 32.1094
"365" 47283.35 30.2823 4.7625 32.2241
"366" 47372.7 30.2702 4.7642 32.2695
"367" 47317.25 30.2335 4.7588 32.2265
"368" 47418.25 30.298 4.7712 32.2408
"369" 48087.5 30.2936 4.785 32.3585
"370" 48576.85 30.277 4.7925 32.3267
"371" 48856.65 30.2665 4.7881 31.9746
"372" 49014.3 30.2281 4.7784 31.6989
"373" 49028.15 30.3099 4.7916 31.7327
"374" 49218.85 30.4265 4.8104 31.8417
"375" 48803.7 30.2341 4.7814 31.6897
"376" 48818.35 30.0568 4.7621 31.6813
"377" 49192.5 30.0253 4.7562 31.5312
"378" 49461.1 30.0119 4.7523 31.5888
"379" 49187.7 29.9665 4.7487 31.6418
"380" 49300.3 30.0701 4.7639 31.5821
"381" 49549.3 30.221 4.7881 31.7297
"382" 49317.75 30.0471 4.7591 31.4802
"383" 49662.25 29.9864 4.7547 31.5523
"384" 49551 29.9667 4.757 31.7035
"385" 49710.05 29.9382 4.7535 31.9333
"386" 49583.65 29.942 4.7505 32.0733
"387" 49841.35 29.9065 4.7433 32.002
"388" 49756.7 29.8555 4.7354 31.935
"389" 50021.2 29.9246 4.747 32.0855
"390" 50099.5 29.9695 4.756 32.2948
"391" 49939.25 29.9402 4.7524 32.2373
"392" 51286.95 29.8952 4.7504 32.4947
"393" 51503.65 29.8805 4.7507 32.5072
"394" 51639.05 29.6994 4.7232 32.5379
"395" 51653.8 29.7075 4.7247 32.5465
"396" 51503.7 29.7683 4.7285 32.4769
"397" 51502.05 29.6548 4.7092 32.3625
"398" 51578.5 29.6124 4.7037 32.2468
"399" 51640.5 29.5175 4.691 32.2208
"400" 51767.85 29.546 4.6943 32.1985
"401" 50898.45 29.4856 4.6859 32.1131
"402" 50906.75 29.49 4.6866 32.1068
"403" 51039.7 29.5816 4.699 32.0944
"404" 51067.55 29.5835 4.6987 32.2278
"405" 51445.8 29.5103 4.6916 32.3407
"406" 51155.75 29.4778 4.6868 32.3241
"407" 50907.2 29.5286 4.6937 32.2989
"408" 50937.75 29.58 4.7013 32.2704
"409" 50963 29.5934 4.7036 32.2878
"410" 50948.35 29.5186 4.6913 32.3071
"411" 50815 29.5649 4.6961 32.203
"412" 50980.3 29.5325 4.6899 32.1077
"413" 50930.65 29.5824 4.6953 31.9623
"414" 51116.5 29.561 4.6942 32.1752
"415" 50937.45 29.5569 4.6946 32.1306
"416" 50960.7 29.5696 4.6965 32.1556
"417" 51210.3 29.5451 4.6941 32.3392
"418" 51499.3 29.5622 4.695 32.4226
"419" 51988.75 29.5686 4.695 32.4216
"420" 52592.7 29.5852 4.6969 32.6009
"421" 52566.7 29.5649 4.6946 32.8784
"422" 52406.55 29.5674 4.6953 32.9975
"423" 52374.85 29.55 4.6925 32.9787
"424" 52439.15 29.5876 4.696 32.9727
"425" 52516.85 29.5771 4.6945 32.9629
"426" 52104.75 29.4286 4.6742 32.8085
"427" 50442.85 29.414 4.6693 32.5187
"428" 50503.8 29.4324 4.6733 32.3573
"429" 50485.85 29.4799 4.6808 32.2505
"430" 50457.65 29.4646 4.6783 32.231
"431" 50345.2 29.4946 4.6775 32.2922
"432" 49954.5 29.538 4.678 32.2682
"433" 49577.5 29.5455 4.6763 32.1939
"434" 49929.05 29.5016 4.6704 32.3093
"435" 50180.75 29.4766 4.6692 32.2918
"436" 50440.3 29.43 4.663 32.0317
"437" 50440.9 29.43 4.663 32.0289
"438" 50292 29.5006 4.6656 32.093
"439" 50058.2 29.5106 4.661 32.1326
"440" 49066.1 29.5285 4.6562 31.8626
"441" 48680.65 29.5446 4.6627 31.8521
"442" 48913.75 29.5308 4.668 32.0692
"443" 48973.25 29.5014 4.6652 32.2173
"444" 49020.55 29.53 4.6696 32.2476
"445" 49026 29.5234 4.6709 32.263
"446" 48877.05 29.5428 4.671 32.3891
"447" 48849.2 29.5565 4.6694 32.4513
"448" 48623.8 29.5707 4.6748 32.3739
"449" 48861.05 29.5731 4.6813 32.4639
"450" 49109.35 29.5486 4.6782 32.5412
"451" 49072.5 29.5261 4.6747 32.5154
"452" 49462.9 29.5928 4.6846 32.6158
"453" 49949.7 29.5805 4.6816 32.7346
"454" 49502.65 29.5581 4.675 32.6687
"455" 49048.8 29.5634 4.6753 32.6247
"456" 49132.15 29.5263 4.673 32.6906
"457" 49248.7 29.5196 4.6729 32.7125
"458" 49234.45 29.51 4.6713 32.7049
"459" 49310.35 29.4937 4.6708 32.6665
"460" 49309.6 29.4746 4.6711 32.618
"461" 48170.8 29.4947 4.6705 32.2753
"462" 47964.95 29.5067 4.6704 32.1515
"463" 48222.3 29.5145 4.6723 32.1199
"464" 48429.3 29.53 4.68 32.2049
"465" 48436.6 29.533 4.6805 32.2086
"466" 48521.9 29.5461 4.6755 32.1643
"467" 48683.2 29.5352 4.6723 32.188
"468" 48954.9 29.5346 4.6712 32.215
"469" 49077.35 29.5137 4.6712 32.2673
"470" 49271.5 29.5026 4.6762 32.2581
"471" 49005.6 29.5496 4.6854 32.136
"472" 49024.9 29.5612 4.6873 32.1482
"473" 48714.65 29.5196 4.673 32.0473
"474" 48714.95 29.5121 4.6738 32.2395
"475" 48605.25 29.512 4.6736 32.1915
"476" 48436.6 29.5071 4.6714 32.2102
"477" 48460.7 29.4979 4.6708 32.3317
"478" 48453.8 29.49 4.672 32.442
"479" 48414.25 29.4656 4.6683 32.4083
"480" 48323.45 29.524 4.6755 32.3349
"481" 48350.25 29.4925 4.6686 32.3232
"482" 48393.4 29.4813 4.6686 32.394
"483" 48452.8 29.3591 4.653 32.3181
"484" 48527.25 29.26 4.6371 32.1921
"485" 48582.6 29.214 4.631 32.233
"486" 48571.35 29.2072 4.63 32.2219
"487" 48509.05 29.1756 4.6265 32.1435
"488" 48507.8 29.1468 4.623 32.1306
"489" 48319.6 29.1768 4.6289 32.0167
"490" 48035.05 29.2168 4.6347 31.9696
"491" 47844.9 29.2344 4.6365 31.9539
"492" 48093.5 29.2826 4.6445 31.8929
"493" 47999.1 29.2255 4.6352 31.8182
"494" 48028.65 29.3107 4.6427 31.7639
"495" 47626.4 29.3276 4.6469 31.8004
"496" 46757.8 29.3549 4.6522 31.6949
"497" 46766.45 29.3532 4.6511 31.6421
"498" 46579.9 29.384 4.6552 31.6318
"499" 46440.15 29.4021 4.6575 31.6183
"500" 46457.95 29.4117 4.6592 31.6274
"501" 46311.65 29.4903 4.6665 31.5969
"502" 45933.65 29.5247 4.6707 31.4932
"503" 45573.7 29.6051 4.678 31.3648
"504" 45973.1 29.5611 4.672 31.3033
"505" 46843.15 29.5926 4.6758 31.2969
"506" 47046.05 29.5302 4.6664 31.4222
"507" 47093.65 29.56 4.671 31.4527
"508" 47078.7 29.5487 4.6721 31.4338
"509" 46772.45 29.5207 4.6709 31.382
"510" 46038.7 29.5632 4.6718 31.1102
"511" 46225.3 29.5943 4.6731 30.9588
"512" 46279.2 29.6259 4.674 30.9136
"513" 46652.85 29.6601 4.6802 30.9147
"514" 46654.2 29.6603 4.6803 30.9239
"515" 46692.8 29.6165 4.6762 30.9644
"516" 46539.65 29.6222 4.6768 30.8771
"517" 46147.8 29.7147 4.6863 30.7789
"518" 46644.1 29.8343 4.6982 30.7554
"519" 47165.75 29.9196 4.7121 30.8014
"520" 48628.85 29.9392 4.7165 30.992
"521" 48287.85 29.7282 4.6836 30.768
"522" 48552.95 29.9851 4.7274 31.0588
"523" 48518.3 29.9823 4.7315 31.1364
"524" 48674.45 29.8991 4.7208 31.1246
"525" 48143.85 29.8477 4.7188 31.2474
"526" 47324.05 29.9284 4.7309 31.1561
"527" 47603.5 29.8716 4.7202 31.1299
"528" 47625.6 29.8797 4.7214 31.164
"529" 47758.8 29.916 4.731 31.3299
"530" 47866 29.9561 4.7332 31.1535
"531" 48333.25 29.9589 4.736 31.2591
"532" 48525.85 29.957 4.7399 31.3743
"533" 48622.1 29.9171 4.739 31.4586
"534" 48608.5 29.8695 4.7315 31.4348
"535" 48641.25 29.89 4.7346 31.4687
"536" 48498.15 29.8828 4.7356 31.4684
"537" 48604.8 29.8751 4.7361 31.417
"538" 48165.85 29.8397 4.7314 31.5272
"539" 47548.8 29.8749 4.7357 31.4478
"540" 46895.4 29.9318 4.7415 31.2848
"541" 47087.2 29.9402 4.7439 31.341
"542" 47099.25 29.9482 4.7451 31.3446
"543" 47178.15 29.9651 4.7408 31.2169
"544" 47361.6 29.9653 4.7405 31.1835
"545" 47048.55 29.9277 4.7381 31.1071
"546" 46899.1 29.9212 4.7381 31.0379
"547" 47182.05 29.94 4.7417 31.34
"548" 47590.8 29.789 4.7193 31.4075
"549" 47608.1 29.8 4.7209 31.4198
"550" 47634.4 29.8681 4.7322 31.3676
"551" 48038.6 29.8619 4.7341 31.3042
"552" 48220.35 29.8313 4.7325 31.2193
"553" 48166.1 29.8617 4.7345 31.003
"554" 47740.2 29.9118 4.7377 30.7603
"555" 47458.25 29.9644 4.7431 30.6541
"556" 47435.5 29.95 4.7408 30.6322
"557" 47432.6 29.9469 4.7388 30.6508
"558" 47488.1 29.9457 4.7428 30.6385
"559" 47152.45 29.9416 4.7443 30.5606
"560" 47053.15 29.9964 4.7505 30.5102
"561" 47372.2 29.9904 4.7506 30.4937
"562" 47563.9 29.9228 4.7413 30.5208
"563" 47606.95 29.95 4.7456 30.551
"564" 47648 29.99 4.7508 30.5602
"565" 47654.3 29.9683 4.7495 30.6342
"566" 47351 29.98 4.7526 30.631
"567" 47382.85 29.9745 4.7538 30.6489
"568" 47436.05 29.9788 4.7548 30.5166
"569" 47564.1 30.0177 4.7601 30.3811
"570" 47488.5 29.97 4.7525 30.325
"571" 47369.65 30.0453 4.7578 30.3095
"572" 47481.8 30.1117 4.7651 30.3365
"573" 48013.4 30.1612 4.7699 30.4053
"574" 48490.1 30.1269 4.7175 30.6101
"575" 48693.45 30.075 4.7584 30.802
"576" 48770.75 30.04 4.7544 30.8106
"577" 48753.75 30.0295 4.7528 30.7989
"578" 48689.3 30.0407 4.7532 30.699
"579" 48613.4 29.9861 4.7467 30.6605
"580" 48236.4 29.96 4.7433 30.6618
"581" 47910.05 29.9753 4.7417 30.502
"582" 47803.5 29.9696 4.7406 30.5659
"583" 48023.5 29.9483 4.7403 30.8673
"584" 48058.3 29.97 4.7437 30.8909
"585" 48133.3 29.9308 4.7348 30.8667
"586" 48270.05 29.9383 4.7359 30.9168
"587" 48267.6 29.9642 4.7379 30.863
"588" 48350.5 29.9422 4.7342 30.7499
"589" 48451.75 29.99 4.7387 30.685
"590" 48588.7 29.99 4.7382 30.6979
"591" 48543.4 29.962 4.7339 30.6687
"592" 48603.2 30.005 4.7407 30.7608
"593" 48192 29.965 4.7334 30.7943
"594" 48022.5 30.002 4.7345 30.7409
"595" 48255.05 30.02 4.7344 30.7625
"596" 48521.35 30.025 4.7357 30.8592
"597" 48470.9 29.999 4.7312 30.8039
"598" 48470.9 29.999 4.7312 30.8069
"599" 48585.55 30.03 4.7355 30.8412
"600" 48805.55 29.975 4.7314 30.9663
"601" 49251.25 30.01 4.739 31.1619
"602" 49838.45 29.96 4.7341 31.308
"603" 49978.5 29.9636 4.7337 31.285
"604" 50057.45 29.9667 4.7334 31.2248
"605" 50046.15 29.96 4.7323 31.2175
"606" 50086.95 29.9599 4.7285 31.2148
"607" 49865.2 29.9629 4.7277 31.2468
"608" 49821.35 29.9406 4.725 31.2852
"609" 49624.5 29.9416 4.7246 31.2423
"610" 49813.3 29.9278 4.7234 31.27
"611" 50593.15 29.9034 4.7204 31.3132
"612" 50588.45 29.9006 4.72 31.3085
"613" 50508.5 29.8784 4.7154 31.2973
"614" 50548.8 29.8414 4.7099 31.2831
"615" 50539.65 29.8594 4.7098 31.201
"616" 50748.8 29.8297 4.7064 31.229
"617" 50852.25 29.7468 4.6965 31.2595
"618" 51463.55 29.649 4.6824 31.4039
"619" 51569.35 29.71 4.692 31.4678
"620" 51455.6 29.6838 4.6854 31.3915
"621" 51340.95 29.6566 4.6813 31.4431
"622" 51366.4 29.5949 4.6737 31.5511
"623" 51444.25 29.6071 4.6746 31.5832
"624" 52155.75 29.4299 4.6538 31.6086
"625" 51922.65 29.3271 4.6399 31.6407
"626" 51916.55 29.3237 4.6394 31.6372
"627" 51867.3 29.2966 4.6316 31.6054
"628" 51693.5 29.3454 4.6334 31.633
"629" 51993.9 29.3502 4.634 31.6279
"630" 51839.25 29.3575 4.6358 31.5174
"631" 52020.25 29.3281 4.6333 31.4649
"632" 52010.25 29.3333 4.6358 31.4376
"633" 51959.85 29.305 4.6313 31.406
"634" 51762.6 29.3576 4.6359 31.3795
"635" 51825.7 29.3458 4.6322 31.3635
"636" 51667.3 29.3983 4.6391 31.3004
"637" 51750.3 29.3781 4.638 31.2935
"638" 52109.45 29.3222 4.6336 31.2872
"639" 52001.5 29.3419 4.638 31.2211
"640" 51962.7 29.32 4.6345 31.1945
"641" 51941.1 29.3156 4.6325 31.1946
"642" 52072.1 29.2966 4.6307 31.2687
"643" 52064.35 29.3176 4.634 31.2662
"644" 52337.75 29.3106 4.6345 31.3389
"645" 52308.65 29.2515 4.6289 31.4385
"646" 52104.8 29.2599 4.6308 31.4792
"647" 52082.4 29.2473 4.6288 31.4645
"648" 51915.6 29.2779 4.6319 31.3865
"649" 51938.8 29.2922 4.632 31.2804
"650" 51692.7 29.3154 4.6339 31.1732
"651" 51729.1 29.2884 4.6347 31.2416
"652" 51613.05 29.2282 4.638 31.3056
"653" 51265.4 29.2278 4.6397 31.3134
"654" 51254.3 29.2213 4.6388 31.3068
"655" 50940.4 29.2287 4.644 31.287
"656" 50836.9 29.2049 4.6399 31.4116
"657" 51061 29.1763 4.6388 31.6087
"658" 51018.45 29.2131 4.6439 31.6431
"659" 50688.25 29.2347 4.6431 31.5674
"660" 50402.3 29.2744 4.646 31.5451
"661" 50399.65 29.2728 4.6457 31.5417
"662" 50438.5 29.2521 4.6455 31.5544
"663" 50297.15 29.2827 4.6495 31.4965
"664" 50028.4 29.2917 4.6515 31.3873
"665" 50037.65 29.2437 4.6515 31.3686
"666" 50039 29.2642 4.6578 31.2847
"667" 50035.65 29.2389 4.6526 31.2776
"668" 50031.65 29.2366 4.6523 31.2775
"669" 50094.15 29.262 4.6537 31.2548
"670" 50026.05 29.2405 4.6484 31.3004
"671" 50156.85 29.2263 4.6493 31.3915
"672" 50281.15 29.2312 4.6495 31.369
"673" 49741.1 29.2296 4.6473 31.2247
"674" 49096 29.259 4.6503 31.114
"675" 49070.7 29.2439 4.6479 31.097
"676" 49158 29.2505 4.6484 31.0395
"677" 49483.55 29.2401 4.6483 30.9888
"678" 50109.55 29.1511 4.6351 30.9145
"679" 50072.6 29.1211 4.6293 30.7879
"680" 50339.05 29.0413 4.6205 30.6758
"681" 50253.9 29.0297 4.6195 30.596
"682" 50239.7 29.0217 4.6182 30.5871
"683" 50231.35 28.977 4.6175 30.5669
"684" 50069.85 29.0089 4.6263 30.5711
"685" 50096.85 29.0081 4.6281 30.6705
"686" 50026.65 29.054 4.6296 30.7818
"687" 49941.05 29.1496 4.6381 30.8582
"688" 49976.25 29.1586 4.6379 30.8407
"689" 49962 29.15 4.6365 30.8319
"690" 50264.7 29.1451 4.6388 30.8961
"691" 50419.1 29.1158 4.6374 30.938
"692" 50302.75 29.1341 4.6399 30.9597
"693" 50425.5 29.139 4.6412 31.1067
"694" 50581.65 29.1389 4.6438 31.2317
"695" 50958.7 29.1061 4.6401 31.364
"696" 51000.6 29.13 4.6439 31.3884
"697" 50910.75 29.1003 4.6374 31.3296
"698" 50863.25 29.1017 4.6381 31.3302
"699" 50490.95 29.1421 4.6416 31.2897
"700" 50140 29.0999 4.6366 31.3416
"701" 49873.1 29.08 4.6686 31.3747
"702" 49867.5 29.0793 4.6334 31.3304
"703" 49868.65 29.08 4.6335 31.3298
"704" 49931.4 29.0704 4.6297 31.3986
"705" 49607.7 29.0847 4.6317 31.3974
"706" 49394.1 29.0764 4.6305 31.3725
"707" 49260 29.0875 4.6287 31.3293
"708" 49457.9 29.0787 4.625 31.1378
"709" 49551.2 29.0749 4.6237 31.1055
"710" 49548.65 29.0733 4.6235 31.1035
"711" 49717.75 29.0834 4.6249 31.1119
"712" 49728.1 29.0823 4.6235 31.1594
"713" 49766.2 29.0555 4.6216 31.2327
"714" 49404.5 29.0709 4.625 31.4071
"715" 49309.15 29.0568 4.6213 31.5033
"716" 49209.05 29.0141 4.6151 31.6155
"717" 49271.9 29.0508 4.6209 31.6566
"718" 49209.8 29.055 4.6201 31.6469
"719" 49203.6 29.0433 4.6181 31.6961
"720" 48569.8 29.0426 4.6192 31.8493
"721" 48257.05 29.0443 4.616 31.8257
"722" 47918.45 29.0603 4.612 31.7741
"723" 48186.1 29.08 4.613 31.7636
"724" 48186.7 29.08 4.613 31.7631
"725" 48208.85 29.0491 4.6064 31.7325
"726" 48202 29.0644 4.6095 31.7498
"727" 48188.85 29.0396 4.6039 31.7464
"728" 48154.55 29.033 4.598 31.814
"729" 48220.15 29.0396 4.6027 31.7833
"730" 48091.4 29.0394 4.6031 31.7857
"731" 48142.5 29.07 4.608 31.8184
"732" 48307.1 29.0377 4.6026 31.7586
"733" 48709.1 29.0585 4.6061 31.768
"734" 48814.75 29.0114 4.6066 31.7696
"735" 48786.05 29.0037 4.6053 31.4905
"736" 47847.25 29.0246 4.6057 31.2942
"737" 48013.95 28.997 4.6023 31.3596
"738" 48067 29.03 4.6076 31.3959
"739" 47992.8 29.0149 4.6053 31.3567
"740" 47968.35 29.0274 4.6132 31.4686
"741" 48162.65 29.0193 4.6166 31.3734
"742" 48206 28.9684 4.6177 31.4065
"743" 48315.5 28.9483 4.6176 31.6486
"744" 48097.1 28.924 4.6133 31.6623
"745" 48140.35 28.95 4.6175 31.6917
"746" 48251.95 28.9455 4.6149 31.6103
"747" 48536.2 28.9575 4.6164 31.283
"748" 48709.3 28.9843 4.661 31.1317
"749" 48734 28.9736 4.6575 31.0857
"750" 48924.55 28.9651 4.6172 30.9888
"751" 48832.05 28.9906 4.6213 31.0336
"752" 48783.8 28.9622 4.6167 31.0021
"753" 48932.9 28.9721 4.6164 31.0463
"754" 49061 28.9928 4.6198 31.1455
"755" 49064.6 29.0074 4.6216 31.2124
"756" 48760 29.0547 4.6279 31.2461
"757" 48654.4 29.2113 4.6483 31.4964
"758" 48530.05 29.2564 4.653 31.5844
"759" 48455.05 29.2114 4.6458 31.5342
"760" 48854.75 29.4679 4.6826 31.7702
"761" 49074.6 29.5465 4.6946 31.9586
"762" 49294.85 29.5241 4.697 32.1534
"763" 49446.5 29.5542 4.7022 32.4613
"764" 49336.65 29.6139 4.7094 32.6304
"765" 49406.8 29.63 4.7112 32.6279
"766" 49389.9 29.6199 4.7096 32.6154
"767" 49386.3 29.5904 4.702 32.5486
"768" 49483.2 29.5501 4.6963 32.5032
"769" 49473.05 29.558 4.6965 32.4815
"770" 49612.55 29.5922 4.7013 32.4551
"771" 49605.45 29.7008 4.7212 32.3686
"772" 49611.1 29.7546 4.7311 32.4261
"773" 49602.6 29.75 4.7303 32.4204
"774" 49401.9 29.7513 4.7301 32.4088
"775" 49022.9 29.7646 4.7323 32.3893
"776" 49008.1 29.7269 4.728 32.4003
"777" 48747.95 29.6676 4.7196 32.2402
"778" 48097.5 29.6047 4.711 32.1041
"779" 47691.2 29.6212 4.7131 32.1322
"780" 47787.3 29.68 4.7224 32.1956
"781" 47843.95 29.6715 4.7187 32.1259
"782" 47639.5 29.5757 4.7038 32.029
"783" 47177.75 29.5511 4.7021 32.0422
"784" 46561.7 29.6688 4.7183 31.9048
"785" 46807.35 29.6435 4.7144 31.8581
"786" 46864.35 29.6359 4.7135 31.88
"787" 46959.15 29.695 4.7229 31.9439
"788" 47058.05 29.6578 4.7165 31.9121
"789" 47462.35 29.6864 4.721 31.878
"790" 47704.3 29.6682 4.7199 31.8506
"791" 47212.45 29.6535 4.7207 31.8558
"792" 46776 29.6488 4.7199 31.5649
"793" 46757.55 29.6622 4.7206 31.4594
"794" 46737 29.6489 4.7185 31.4461
"795" 46834.85 29.6982 4.725 31.5137
"796" 46839.5 29.67 4.7224 31.5241
"797" 46748.45 29.6364 4.7209 31.4135
"798" 46878.95 29.645 4.7225 31.3277
"799" 46809.75 29.6719 4.7288 31.354
"800" 46874.2 29.6902 4.7301 31.2079
"801" 46911.2 29.7133 4.7338 31.2325
"802" 46914.95 29.6952 4.7315 31.2365
"803" 47098.95 29.6734 4.729 31.3097
"804" 47262.3 29.6881 4.7326 31.3017
"805" 47179.75 29.7191 4.7352 31.2253
"806" 47339.3 29.7263 4.7817 31.4974
"807" 47329.25 29.728 4.7394 31.6707
"808" 47326.25 29.7261 4.739 31.6687
"809" 47677.35 29.75 4.7392 31.5026
"810" 47775.6 29.737 4.7357 31.4266
"811" 48090.75 29.8615 4.7563 31.5674
"812" 47851.05 29.7194 4.7346 31.4272
"813" 48101.25 29.847 4.7564 31.6018
"814" 47903.35 29.7748 4.746 31.6487
"815" 48111.35 29.905 4.7666 31.7865
"816" 47829.6 29.7908 4.7492 31.6089
"817" 48152.6 30.0811 4.7958 31.7104
"818" 47752.75 29.8429 4.7554 31.3813
"819" 47879.25 29.886 4.7602 31.3935
"820" 47717.3 29.88 4.762 31.4745
"821" 47685.85 29.8603 4.7595 31.4516
"822" 47636.9 29.83 4.7545 31.4191
"823" 47748 29.8739 4.7634 31.4662
"824" 47616.95 29.8915 4.7728 31.5645
"825" 46884.25 29.8969 4.7752 31.5328
"826" 46433.4 29.9552 4.7817 31.6721
"827" 46763.75 29.9809 4.7844 31.9625
"828" 47435.35 30.0008 4.7886 32.0957
"829" 47435.45 30.0008 4.7886 32.0957
"830" 47451.4 30.0984 4.8025 32.2047
"831" 47483.35 30.0954 4.8061 32.2276
"832" 47390 30.0253 4.8039 32.2154
"833" 46775.4 29.9763 4.7981 32.1865
"834" 46178.95 29.9816 4.801 32.2289
"835" 44474.45 29.9857 4.8008 32.3318
"836" 44474.45 29.9857 4.8008 32.3318
"837" 42630.55 29.953 4.7967 32.221
"838" 40943.05 29.9172 4.7931 32.2416
"839" 41207.9 29.8939 4.7945 32.2942
"840" 41307.85 29.904 4.7956 32.0965
"841" 41839.2 29.8378 4.7854 32.0302
"842" 41854.3 29.8136 4.7796 31.9201
"843" 41854.3 29.8136 4.7796 31.9201
"844" 42419.95 29.8391 4.7819 31.9513
"845" 42342.1 29.8395 4.7843 31.7854
"846" 42433.7 29.8019 4.7805 31.4961
"847" 42966.9 29.6953 4.7685 31.4043
"848" 43473.7 29.617 4.7616 31.3944
"849" 43244.25 29.5723 4.7556 31.3668
"850" 43244.25 29.5723 4.7556 31.3668
"851" 43387.35 29.5233 4.7503 31.4193
"852" 43433 29.5145 4.7509 31.57
"853" 43268.25 29.5162 4.7523 31.7959
"854" 43191.05 29.5782 4.7652 31.7987
"855" 43526.1 29.5786 4.7654 31.6529
"856" 43504.8 29.578 4.766 31.6223
"857" 43504.8 29.578 4.766 31.6223
"858" 43563.55 29.583 4.7635 31.5796
"859" 43156.55 29.572 4.7661 31.4834
"860" 42944.15 29.4241 4.7536 31.3609
"861" 43247.7 29.4372 4.7609 31.387
"862" 42992 29.7008 4.7933 31.1545
"863" 43127.3 29.7778 4.8006 31.1158
"864" 43127.3 29.7778 4.8006 31.1158
"865" 42872.6 29.8877 4.8195 31.2053
"866" 42890.15 29.9135 4.8262 31.245
"867" 42402.3 30.0018 4.8365 31.0108
"868" 41690.25 30.0561 4.8427 31.1439
"869" 41412.85 30.0884 4.8508 31.0715
"870" 40939 30.1132 4.8538 30.9613
"871" 40939 30.1132 4.8538 30.9613
"872" 40786.25 30.0096 4.8423 30.9726
"873" 41335.95 29.8863 4.8291 30.8534
"874" 41231.45 29.9007 4.8313 30.7265
"875" 41412.45 30.0165 4.8481 30.8625
"876" 41652.75 29.9721 4.8456 31.046
"877" 41570.05 29.9797 4.8481 31.1825
"878" 41570.05 29.9797 4.8481 31.1825
"879" 41642 29.906 4.8407 31.0718
"880" 41546.7 29.9633 4.8484 30.9163
"881" 41674.75 30.0419 4.857 30.9768
"882" 42146.8 30.0227 4.855 31.3152
"883" 42251.65 30.0044 4.852 31.4018
"884" 41655.65 30.0121 4.8527 31.4241
"885" 41655.65 30.0121 4.8527 31.4241
"886" 41933.6 29.9633 4.848 31.4033
"887" 42017.7 29.9143 4.8437 31.5431
"888" 41809.15 29.8205 4.8294 31.5229
"889" 41780.6 29.7674 4.821 31.7113
"890" 41697.8 29.7219 4.8176 31.9357
"891" 41145.6 29.7522 4.8226 31.7876
"892" 41145.6 29.7522 4.8226 31.7876
"893" 41343.2 29.8792 4.8419 31.9001
"894" 41248.1 29.9105 4.8477 32.1646
"895" 41263.9 29.881 4.8459 32.3251
"896" 41426.4 29.8954 4.8502 32.4779
"897" 41346.45 29.8397 4.8444 32.3255
"898" 41492.65 29.8393 4.8435 32.3946
"899" 41492.65 29.8393 4.8435 32.3946
"900" 41379.9 29.8337 4.8465 32.3024
"901" 41145.4 29.8868 4.8474 32.4348
"902" 40797.8 29.8229 4.8325 32.3815
"903" 39657.7 30.101 4.8667 32.3712
"904" 38967.45 30.1946 4.8797 32.486
"905" 39138.15 30.191 4.8779 32.3093
"906" 39138.15 30.191 4.8779 32.3093
"907" 38926.9 30.2343 4.8775 32.3312
"908" 38597.75 30.1289 4.8627 32.2171
"909" 37505.4 30.1101 4.8602 32.0272
"910" 36931.5 30.0427 4.852 31.8287
"911" 36200.35 29.9906 4.85 31.7416
"912" 37015.4 29.9796 4.8506 31.7291
"913" 37015.4 29.9796 4.8506 31.7291
"914" 37302.25 29.993 4.8533 31.7197
"915" 37672.2 30.0364 4.8607 31.6976
"916" 37575.7 30.1009 4.8672 31.6993
"917" 37631.05 30.0668 4.8656 31.6197
"918" 37157.5 30.1066 4.8701 31.3761
"919" 36922.35 30.1877 4.8811 31.3177
"920" 36922.35 30.1877 4.8811 31.3177
"921" 37053.25 30.1662 4.8771 31.2667
"922" 37618.45 30.125 4.8742 31.1279
"923" 37626.6 30.0545 4.865 30.9812
"924" 38351.35 29.8857 4.8408 31.4888
"925" 38258.3 29.874 4.8356 31.5167
"926" 38404.75 29.8732 4.8347 31.5645
"927" 38404.75 29.8732 4.8347 31.5645
"928" 38419 29.8652 4.8337 31.4874
"929" 38336.5 29.7957 4.8257 31.526
"930" 38341.25 29.8003 4.8301 31.6849
"931" 38300.75 29.9133 4.842 31.6972
"932" 38630.55 29.9371 4.8459 31.7659
"933" 38779.9 29.9201 4.8437 31.7975
"934" 38779.9 29.9201 4.8437 31.7975
"935" 39491 29.9106 4.8442 31.8721
"936" 39913 29.9076 4.8457 31.9302
"937" 40014.15 29.9318 4.8492 31.9758
"938" 39619.15 29.9564 4.8512 32.0184
"939" 39789.35 29.9038 4.8452 32.1903
"940" 39867.1 29.9017 4.845 32.2047
"941" 39867.1 29.9017 4.845 32.2047
"942" 39798.85 29.9267 4.8469 32.2057
"943" 39707 29.952 4.8492 32.1912
"944" 39815.55 30.0319 4.8603 32.3321
"945" 39675.05 30.0514 4.8651 32.2926
"946" 39137.05 30.0432 4.8648 32.1509
"947" 39369.35 30.011 4.8605 32.296
"948" 39369.35 30.011 4.8605 32.296
"949" 39259.05 29.9653 4.8568 32.2323
"950" 38715 29.9555 4.8562 32.3151
"951" 38403.8 29.9681 4.86 32.4039
"952" 38791.4 29.9213 4.8556 32.492
"953" 39235.45 29.905 4.8542 32.4809
"954" 39308.4 29.9037 4.853 32.4216
"955" 39308.4 29.9037 4.853 32.4216
"956" 39862.95 29.949 4.859 32.3792
"957" 39888.4 29.9725 4.8607 32.2515
"958" 39750.45 29.9849 4.863 32.0778
"959" 40211.05 29.9637 4.863 32.1171
"960" 40867.85 29.9026 4.8553 32.2768
"961" 41138.4 29.8818 4.8521 32.2519
"962" 41138.4 29.8818 4.8521 32.2519
"963" 41115.45 29.9347 4.8562 32.3326
"964" 40939.65 29.9456 4.8585 32.5156
"965" 40967.8 29.9441 4.8595 32.5838
"966" 40996.35 29.9698 4.8629 32.4208
"967" 41347.5 29.9279 4.8578 32.4058
"968" 41792.7 29.8993 4.854 32.4412
"969" 41792.7 29.8993 4.854 32.4412
"970" 41803.4 29.937 4.8606 32.4492
"971" 42246.55 29.9794 4.8658 32.564
"972" 42564.8 29.9602 4.8623 32.5782
"973" 42212.55 29.9232 4.8557 32.2848
"974" 41909.25 29.9138 4.8533 32.1406
"975" 41760.8 29.9299 4.8546 32.1862
"976" 41760.8 29.9299 4.8546 32.1862
"977" 41397.2 29.7654 4.8295 31.9077
"978" 41568.2 29.7397 4.8231 31.783
"979" 41709.05 29.7275 4.8198 31.7383
"980" 41221.7 29.7549 4.824 31.6622
"981" 40947.45 29.756 4.8231 31.5785
"982" 41342.1 29.7025 4.8153 31.6797
"983" 41342.1 29.7025 4.8153 31.6797
"984" 41177.35 29.6704 4.8134 31.6993
"985" 40744.75 29.6521 4.8138 31.7565
"986" 40525.7 29.7075 4.8244 31.8166
"987" 39936.85 29.6775 4.8227 31.9022
"988" 39174.45 29.7034 4.828 31.894
"989" 39378.5 29.6902 4.8266 31.9386
"990" 39378.5 29.6902 4.8266 31.9386
"991" 39126.55 29.602 4.8155 31.9855
"992" 38905.9 29.6087 4.815 31.9517
"993" 38716.15 29.5907 4.8135 32.0052
"994" 40195.4 29.4349 4.7938 32.2989
"995" 39928.75 29.5071 4.8043 32.4069
"996" 39175.7 29.5443 4.8097 32.4552
"997" 39175.7 29.5443 4.8097 32.4552
"998" 39091.7 29.5172 4.8066 32.3987
"999" 39045.95 29.555 4.8107 32.4285
"1000" 39243.05 29.58 4.8135 32.451
"1001" 39346.85 29.5646 4.8117 32.4788
"1002" 39316.8 29.5652 4.8114 32.5721
"1003" 39518.05 29.5627 4.8117 32.6314
"1004" 39518.05 29.5627 4.8117 32.6314
"1005" 39515.3 29.5852 4.8142 32.6882
"1006" 38838.75 29.5247 4.8065 32.6387
"1007" 38288.1 29.4803 4.8013 32.5909
"1008" 38591.1 29.3844 4.7882 32.6082
"1009" 38585.8 29.3526 4.7851 32.5538
"1010" 38458 29.3368 4.7825 32.3391
"1011" 38458 29.3368 4.7825 32.3391
"1012" 38665.6 29.3654 4.7859 32.4743
"1013" 38873.85 29.3695 4.7866 32.4781
"1014" 38604.4 29.4157 4.7923 32.3962
"1015" 38262.3 29.4013 4.7907 32.2696
"1016" 37624.3 29.3502 4.7868 32.245
"1017" 37306.15 29.3256 4.7834 32.1674
"1018" 37306.15 29.3256 4.7834 32.1674
"1019" 37437.6 29.3318 4.7885 32.2489
"1020" 37237.55 29.3115 4.7854 32.1105
"1021" 37556.95 29.351 4.7909 32.1354
"1022" 38156.1 29.3409 4.7888 32.3345
"1023" 38657.6 29.3415 4.7908 32.5123
"1024" 38630.45 29.3598 4.7936 32.5578
"1025" 38630.45 29.3598 4.7936 32.5578
"1026" 38712.4 29.387 4.7974 32.5542
"1027" 38842.6 29.3559 4.7914 32.6025
"1028" 39201.3 29.3443 4.7926 32.8239
"1029" 39338.1 29.359 4.7957 32.9232
"1030" 39513.25 29.3646 4.7973 32.8944
"1031" 39673.75 29.3711 4.7984 32.9063
"1032" 39673.75 29.3711 4.7984 32.9063
"1033" 39715 29.3739 4.7977 32.8604
"1034" 39692 29.407 4.8003 32.7839
"1035" 39610.7 29.3995 4.7972 32.7102
"1036" 39207.6 29.4122 4.7965 32.5929
"1037" 38839 29.4412 4.7996 32.3606
"1038" 38736.3 29.4302 4.7977 32.2594
"1039" 38736.3 29.4302 4.7977 32.2594
"1040" 38705.9 29.4193 4.7949 32.2631
"1041" 38639.65 29.4152 4.795 32.2735
"1042" 38714.8 29.4351 4.7967 32.2745
"1043" 38718.2 29.4615 4.8 32.2299
"1044" 38402.4 29.4898 4.8084 32.1129
"1045" 38052.7 29.5276 4.8152 32.0481
"1046" 38053.15 29.5276 4.8152 32.0482
"1047" 37978 29.5547 4.8193 32.09
"1048" 37868.05 29.6071 4.8288 32.2045
"1049" 37694.6 29.6243 4.8323 32.3
"1050" 38027.8 29.5996 4.829 32.3247
"1051" 38071.65 29.583 4.8252 32.2698
"1052" 38128.2 29.5477 4.8204 32.294
"1053" 38129.75 29.5477 4.8204 32.2938
"1054" 37849.25 29.4869 4.8124 32.2746
"1055" 37536.1 29.4501 4.8085 32.2801
"1056" 37389.95 29.482 4.814 32.3345
"1057" 36836.1 29.5651 4.8241 32.2643
"1058" 36803.65 29.576 4.8247 32.4491
"1059" 36790.9 29.5811 4.8261 32.6202
"1060" 36791.2 29.5811 4.8261 32.6209
"1061" 36668.75 29.6012 4.8288 32.5383
"1062" 36998.15 29.6143 4.8309 32.555
"1063" 36917 29.645 4.8367 32.6951
"1064" 36807.9 29.6495 4.8373 32.6999
"1065" 36941.3 29.624 4.8336 32.7286
"1066" 37050.3 29.6114 4.8314 32.6782
"1067" 37050.3 29.6114 4.8314 32.679
"1068" 36665.6 29.5824 4.8268 32.611
"1069" 36142.9 29.5784 4.8255 32.6175
"1070" 36230.65 29.5751 4.8276 32.7051
"1071" 36562.7 29.6137 4.834 32.8785
"1072" 36364.15 29.5948 4.836 33.0395
"1073" 36335.5 29.5665 4.8336 33.1538
"1074" 36335.75 29.5665 4.8336 33.1553
"1075" 36394.1 29.5497 4.8353 33.1318
"1076" 36903 29.5477 4.8372 33.2383
"1077" 37204.5 29.5678 4.8394 33.3311
"1078" 36837.5 29.6129 4.8458 33.3633
"1079" 36426 29.6203 4.8447 33.2827
"1080" 36708.3 29.6306 4.847 33.3166
"1081" 36709.1 29.6306 4.847 33.3172
"1082" 36664.5 29.6395 4.8486 33.3801
"1083" 36709.05 29.646 4.8506 33.427
"1084" 36575.25 29.6683 4.8534 33.4618
"1085" 36160.8 29.884 4.8841 33.3672
"1086" 35885.3 29.9951 4.9013 33.4114
"1087" 36079.7 29.9834 4.9015 33.4532
"1088" 36080.7 29.9834 4.9015 33.4525
"1089" 36076.45 30.0388 4.9116 33.5517
"1090" 36140.05 30.1112 4.9224 33.6397
"1091" 36284.85 30.1358 4.9257 33.6398
"1092" 36344.55 30.1033 4.9179 33.591
"1093" 36426 30.0389 4.9117 33.7137
"1094" 36463.7 30.0502 4.915 33.714
"1095" 36463.1 30.0502 4.915 33.7148
"1096" 36230.5 30.0106 4.91 33.7056
"1097" 35933.6 29.9286 4.8991 33.6599
"1098" 36057.8 29.9211 4.8988 33.6662
"1099" 36581.75 30.0021 4.9159 33.4861
"1100" 37053.55 30.0762 4.9268 33.3672
"1101" 37214.25 30.0869 4.9284 33.2334
"1102" 37214.3 30.0869 4.9284 33.2335
"1103" 37381.05 30.1563 4.9388 33.3248
"1104" 37393.55 30.2359 4.9537 33.3596
"1105" 37089.5 30.2357 4.9539 33.2344
"1106" 37060.5 30.2023 4.9468 33.1841
"1107" 37230.5 30.1175 4.9376 33.2492
"1108" 37521.75 30.0596 4.9319 33.3059
"1109" 37523.65 30.0596 4.9319 33.3063
"1110" 37569.3 30.0668 4.9366 33.3316
"1111" 37676.95 30.1376 4.9503 33.4531
"1112" 37464.55 30.2039 4.9577 33.3161
"1113" 37456.1 30.1879 4.9534 33.2637
"1114" 37598.85 30.1957 4.9558 33.2898
"1115" 37913.6 30.2376 4.9622 33.2228
"1116" 37914 30.2375 4.9622 33.2239
"1117" 37950.7 30.2246 4.9592 33.1962
"1118" 37814.4 30.2928 4.9687 33.2265
"1119" 37606.95 30.3026 4.9679 33.2751
"1120" 37774.95 30.3291 4.9701 33.4718
"1121" 38338.6 30.3498 4.973 33.8523
"1122" 38543.2 30.3529 4.9724 33.9337
"1123" 38544.65 30.3529 4.9724 33.9336
"1124" 38533.35 30.4152 4.9827 33.9641
"1125" 38173.5 30.4026 4.9825 33.8683
"1126" 38196.4 30.365 4.9756 33.8197
"1127" 38167.55 30.3925 4.9778 33.8163
"1128" 37801.7 30.3852 4.9748 33.6223
"1129" 37797.6 30.3724 4.9725 33.5141
"1130" 37797.75 30.3724 4.9725 33.5144
"1131" 37954.1 30.3891 4.9758 33.578
"1132" 38119.35 30.3686 4.9745 33.6221
"1133" 38170.85 30.3695 4.9755 33.5981
"1134" 38182.1 30.3492 4.9741 33.617
"1135" 38267.3 30.3401 4.9715 33.6967
"1136" 38462.7 30.3473 4.9728 33.8006
"1137" 38462.7 30.3473 4.9728 33.8008
"1138" 38616.45 30.3605 4.9751 33.8185
"1139" 38968.95 30.355 4.9756 33.8738
"1140" 39058.85 30.2975 4.9658 33.6843
"1141" 39228.5 30.3381 4.9715 33.8445
"1142" 39709.75 30.3039 4.9671 33.9488
"1143" 39914.45 30.2654 4.9616 33.9104
"1144" 39915 30.2654 4.9616 33.9099
"1145" 40109.65 30.2532 4.9598 33.9328
"1146" 40055.35 30.3024 4.9665 34.0266
"1147" 39995 30.3232 4.9673 34.153
"1148" 39932.55 30.3903 4.9714 34.1822
"1149" 40145.1 30.3833 4.9644 34.1715
"1150" 40244.9 30.3903 4.9625 34.2312
"1151" 40245.7 30.3903 4.9625 34.231
"1152" 40404.15 30.3871 4.9632 34.2192
"1153" 40616.75 30.3864 4.9595 34.2274
"1154" 40564.4 30.3399 4.9515 34.1396
"1155" 40345.8 30.3349 4.9511 34.0849
"1156" 40314.9 30.3348 4.9499 34.2873
"1157" 40247.5 30.3404 4.9488 34.4647
"1158" 40248.45 30.3404 4.9488 34.4633
"1159" 40788.35 30.3407 4.9511 34.4579
"1160" 40705.1 30.3274 4.9485 34.2865
"1161" 40505.4 30.3061 4.9438 34.1467
"1162" 40577.9 30.2856 4.9429 34.192
"1163" 40723.25 30.2599 4.941 34.4299
"1164" 40569.85 30.2739 4.9419 34.4873
"1165" 40569.55 30.2739 4.9419 34.487
"1166" 40531.2 30.3131 4.9395 34.5383
"1167" 40764.35 30.32 4.9371 34.5122
"1168" 41254.4 30.3561 4.9441 34.6303
"1169" 41567 30.3352 4.9447 34.746
"1170" 41750.8 30.3651 4.9427 34.7425
"1171" 42005.2 30.3671 4.9409 34.8029
"1172" 42005.2 30.3671 4.9409 34.8029
"1173" 41870.25 30.3548 4.941 34.7584
"1174" 41398.35 30.4312 4.9517 34.8318
"1175" 41154.2 30.5272 4.963 34.8925
"1176" 40785.25 30.6798 4.979 34.7506
"1177" 40925.15 30.6704 4.9811 34.7311
"1178" 40906.1 30.6512 4.9796 34.7196
"1179" 40906.1 30.6512 4.9796 34.7196
"1180" 40457.25 30.5983 4.9755 34.6362
"1181" 40082.55 30.5401 4.9683 34.6195
"1182" 40001.95 30.5298 4.9625 34.5148
"1183" 39654.3 30.5234 4.9542 34.4647
"1184" 39424.35 30.4757 4.9436 34.3577
"1185" 39425.8 30.4453 4.9399 34.3282
"1186" 39425.8 30.4453 4.9399 34.3282
"1187" 39368.3 30.4551 4.9346 34.392
"1188" 38963.05 30.358 4.9203 34.356
"1189" 38929.7 30.278 4.9105 34.2343
"1190" 39019.4 30.2812 4.9071 34.0846
"1191" 39121.15 30.2552 4.8986 33.9136
"1192" 39370.8 30.2057 4.8912 33.8534
"1193" 39370.8 30.2057 4.8912 33.8534
"1194" 39311.5 30.2312 4.8957 33.96
"1195" 39389.65 30.1616 4.891 34.0478
"1196" 39299.85 30.0266 4.8728 34.0112
"1197" 39521.15 29.9886 4.8637 34.1435
"1198" 39628.7 30.0478 4.871 34.3042
"1199" 39648.2 30.0681 4.8749 34.3297
"1200" 39648.2 30.0681 4.8749 34.3297
"1201" 39985.95 30.1572 4.8841 34.3396
"1202" 39602.95 30.1898 4.8881 34.2899
"1203" 39241.15 30.1571 4.8838 34.2546
"1204" 39206.1 30.1642 4.887 34.2506
"1205" 39127.95 30.1963 4.8908 34.1955
"1206" 39140.2 30.2056 4.8916 34.1836
"1207" 39140.2 30.2056 4.8916 34.1836
"1208" 38971.95 30.24 4.8947 34.2279
"1209" 39018.25 30.3078 4.9043 34.2542
"1210" 38973.85 30.3389 4.9108 34.3495
"1211" 38955.95 30.3087 4.9082 34.3342
"1212" 39296.95 30.3108 4.9102 34.3909
"1213" 39493.85 30.3128 4.9119 34.3844
"1214" 39493.85 30.3128 4.9119 34.3844
"1215" 39385.65 30.2711 4.9095 34.3871
"1216" 39102.5 30.1991 4.9012 34.2695
"1217" 39083.35 30.2254 4.9028 34.2629
"1218" 38855.15 30.2102 4.9032 34.3502
"1219" 38901.25 30.1961 4.8997 34.3294
"1220" 39243.75 30.1954 4.8999 34.3861
"1221" 39243.75 30.1954 4.8999 34.3861
"1222" 39414.15 30.1289 4.8932 34.3332
"1223" 39398.7 30.0954 4.8914 34.3759
"1224" 39274.65 30.1039 4.8905 34.4149
"1225" 38801.25 30.0735 4.8873 34.3119
"1226" 38837.8 30.1089 4.8902 34.1028
"1227" 38827.85 30.1277 4.8916 33.9896
"1228" 38827.85 30.1277 4.8916 33.9896
"1229" 39006.15 30.178 4.8956 34.0161
"1230" 39089.7 30.2027 4.897 33.99
"1231" 39206.4 30.1606 4.8899 33.9043
"1232" 39255.6 30.1556 4.889 33.8422
"1233" 39034.9 30.1514 4.8888 33.8398
"1234" 38975.6 30.1384 4.887 33.7631
"1235" 38975.6 30.1384 4.887 33.7631
"1236" 39071.95 30.1392 4.8871 33.8031
"1237" 39002.45 30.1629 4.8904 33.8055
"1238" 39007.55 30.1812 4.893 33.8109
"1239" 39039.3 30.1588 4.8902 33.7393
"1240" 38962.55 30.1279 4.8829 33.6493
"1241" 38899.85 30.0997 4.8776 33.6002
"1242" 38899.85 30.0997 4.8776 33.6002
"1243" 38927.85 30.1142 4.8775 33.6308
"1244" 38639 30.1458 4.8821 33.658
"1245" 38046.25 30.1275 4.8792 33.5647
"1246" 37721.9 30.0294 4.8652 33.4592
"1247" 37602.15 29.9975 4.8611 33.4573
"1248" 37531.9 30.0335 4.8672 33.5484
"1249" 37531.9 30.0335 4.8672 33.5484
"1250" 37444.45 30.0535 4.869 33.5032
"1251" 37427.75 30.066 4.8704 33.4966
"1252" 37451.75 30.0744 4.8724 33.532
"1253" 37476.7 30.0475 4.8685 33.5387
"1254" 37622.05 30.0153 4.87 33.6283
"1255" 37586.45 29.9942 4.8692 33.5746
"1256" 37586.45 29.9942 4.8692 33.5746
"1257" 37610.25 29.9963 4.8777 33.5142
"1258" 37692.6 30.0043 4.8832 33.3961
"1259" 37848.55 30.002 4.8792 33.3432
"1260" 37953.7 29.9984 4.8793 33.3555
"1261" 38222.45 30.0077 4.8808 33.3905
"1262" 38323.35 30.0057 4.8793 33.3312
"1263" 38323.35 30.0057 4.8793 33.3312
"1264" 38394.85 30.0279 4.879 33.399
"1265" 38127.4 30.0542 4.8784 33.4459
"1266" 38212.45 30.0711 4.879 33.4697
"1267" 38669.7 30.0111 4.8714 33.5511
"1268" 39446.15 30.0218 4.872 33.5559
"1269" 39466.1 30.0181 4.8707 33.5475
"1270" 39466.1 30.0181 4.8707 33.5475
"1271" 39441.7 30.0053 4.8683 33.5204
"1272" 39519.6 29.9716 4.8645 33.512
"1273" 39470.6 29.9793 4.8637 33.56
"1274" 39366.9 29.9263 4.8564 33.5026
"1275" 39394.8 29.8959 4.8546 33.4981
"1276" 39292.55 29.8708 4.852 33.5232
"1277" 39292.55 29.8708 4.852 33.5232
"1278" 39334.3 29.8661 4.8532 33.5703
"1279" 39686.15 29.9099 4.8613 33.7187
"1280" 39688.9 29.9129 4.8582 33.6718
"1281" 39549.4 29.9172 4.8506 33.5852
"1282" 39497.9 29.9118 4.8429 33.4546
"1283" 39471.95 29.892 4.8183 33.4255
"1284" 39491.5 29.9108 4.8404 33.4484
"1285" 39409.2 29.9433 4.8468 33.4773
"1286" 39486.15 29.9449 4.8523 33.5174
"1287" 39608.9 29.9335 4.8519 33.5371
"1288" 39957.4 29.9524 4.8549 33.5942
"1289" 40082.9 29.9846 4.8614 33.5936
"1290" 40145.75 30.0057 4.8663 33.6312
"1291" 40145.75 30.0057 4.8663 33.6312
"1292" 39648.45 29.9997 4.8629 33.635
"1293" 39229.85 30.0503 4.8699 33.6449
"1294" 39008.9 30.0566 4.8721 33.4991
"1295" 39247.75 30.0462 4.8722 33.4643
"1296" 39442.55 30.0465 4.8718 33.4584
"1297" 39394.7 30.01 4.8341 33.4049
"1298" 39402.2 30.0511 4.8724 33.4493
"1299" 39406.2 30.0225 4.8698 33.4304
"1300" 39277.95 30.0092 4.8682 33.3383
"1301" 39189.95 29.9857 4.8665 33.2306
"1302" 38899.4 29.9847 4.8683 33.2288
"1303" 38839.45 29.9809 4.8657 33.1856
"1304" 39170.2 29.9838 4.8649 33.1361
"1305" 39170.2 29.9838 4.8649 33.1361
"1306" 39115.15 29.9776 4.8643 33.1454
"1307" 39100.55 29.98 4.8637 33.1221
"1308" 38943.6 30.0049 4.8657 33.0474
"1309" 38822.75 30.056 4.8701 33.0739
"1310" 38723.95 30.0817 4.8757 33.1402
"1311" 38921.55 30.0672 4.8754 33.1978
"1312" 38921.55 30.0672 4.8754 33.1978
"1313" 38811.15 30.043 4.8733 33.1464
"1314" 38705.55 30.025 4.8721 33.0569
"1315" 38915.45 30.0277 4.8715 33.0189
"1316" 39282.55 30.0498 4.8733 33.083
"1317" 39480.35 30.0527 4.8785 33.1416
"1318" 39302.9 30.005 4.874 33.1406
"1319" 39336 30.0303 4.8778 33.168
"1320" 39277.9 30.0232 4.8776 33.1332
"1321" 39351.15 30.035 4.8783 33.0745
"1322" 39338.25 30.029 4.8774 33.0817
"1323" 39396.05 30.003 4.8763 33.0877
"1324" 39225.3 29.9673 4.8718 33.103
"1325" 39103.05 29.9635 4.8717 33.1967
"1326" 39103.05 29.9635 4.8717 33.1967
"1327" 38967.75 29.9673 4.8739 33.1296
"1328" 38930.35 29.9857 4.8759 33.0379
"1329" 38833.9 29.9973 4.8743 32.9379
"1330" 38476.75 30.0041 4.8689 32.8673
"1331" 38360.25 29.9858 4.8671 32.8759
"1332" 38411.75 29.9824 4.8661 32.8096
"1333" 38411.75 29.9824 4.8661 32.8096
"1334" 38321.9 29.9854 4.8653 32.7398
"1335" 38452.35 29.9684 4.8631 32.7276
"1336" 38393.5 29.9105 4.8544 32.644
"1337" 38490.5 29.877 4.849 32.6715
"1338" 38487.85 29.8809 4.8489 32.6258
"1339" 38634.35 29.9945 4.8826 32.6561
"1340" 38470.05 29.8777 4.8472 32.5371
"1341" 38452.35 29.8703 4.8459 32.5018
"1342" 38163.9 29.9244 4.8541 32.529
"1343" 37937.6 29.9313 4.8579 32.575
"1344" 37974.4 29.9124 4.8579 32.4211
"1345" 37845.2 29.9296 4.8584 32.127
"1346" 37965.8 29.9153 4.857 32.1278
"1347" 37965.8 29.9153 4.857 32.1278
"1348" 37833.6 29.9268 4.8578 32.1001
"1349" 37616.75 29.9743 4.868 32.0429
"1350" 37574.2 29.9925 4.8788 32.0842
"1351" 37361.75 30.0098 4.8843 32.0585
"1352" 37093.25 30.0263 4.8857 32.1056
"1353" 36935.4 30.0431 4.8878 32.1828
"1354" 36935.4 30.0431 4.8878 32.1828
"1355" 37127.2 30.1075 4.8931 32.2055
"1356" 37281.8 30.1611 4.9011 32.292
"1357" 37267.95 30.17 4.9055 32.2874
"1358" 37032.05 30.2705 4.92 32.2546
"1359" 36941.05 30.2417 4.9194 32.2695
"1360" 36747.75 30.226 4.9168 32.1229
"1361" 36747.75 30.226 4.9168 32.1229
"1362" 36735.35 30.2367 4.9177 32.1734
"1363" 36929.8 30.2446 4.9238 32.2174
"1364" 36919.85 30.2311 4.9255 32.1107
"1365" 36828.55 30.3083 4.9351 31.9961
"1366" 37024.6 30.3303 4.9361 31.9816
"1367" 36978.25 30.3518 4.939 31.9013
"1368" 36978.25 30.3518 4.939 31.9013
"1369" 37111.75 30.4604 4.9492 32.0173
"1370" 36943.65 30.4502 4.948 31.9304
"1371" 36855.3 30.4505 4.9479 31.8362
"1372" 36971.2 30.4247 4.9478 31.8561
"1373" 36686.7 30.4482 4.9523 31.7289
"1374" 36345.75 30.5096 4.9611 31.536
"1375" 36345.75 30.5096 4.9611 31.536
"1376" 36388.55 30.452 4.9527 31.5431
"1377" 36728.9 30.412 4.9499 31.693
"1378" 36906.4 30.4039 4.9566 31.7609
"1379" 37186.5 30.353 4.9525 31.8951
"1380" 37153.45 30.3913 4.9548 31.8065
"1381" 37217 30.4295 4.9601 31.7904
"1382" 37217 30.4295 4.9601 31.7904
"1383" 37415.9 30.4066 4.9534 31.8912
"1384" 37542 30.4171 4.9529 31.9482
"1385" 37448.9 30.3956 4.9487 31.9634
"1386" 37710.9 30.3961 4.9494 32.2365
"1387" 37613.15 30.3172 4.9511 32.1219
"1388" 37639.7 30.3893 4.947 32.1093
"1389" 37639.7 30.3893 4.947 32.1093
"1390" 37701.4 30.3742 4.9454 32.1367
"1391" 37924.5 30.3571 4.9451 32.1384
"1392" 37854.7 30.3655 4.9468 31.9464
"1393" 37614.8 30.394 4.9498 31.8633
"1394" 37432.1 30.3947 4.9509 31.8961
"1395" 37412.25 30.3867 4.9505 31.9224
"1396" 37412.25 30.3867 4.9505 31.9224
"1397" 37369.3 30.3832 4.9513 31.979
"1398" 37326.05 30.3802 4.9542 32.0326
"1399" 37219 30.3595 4.9507 32.0414
"1400" 36673 30.3965 4.9549 31.7823
"1401" 35994.3 30.4558 4.9612 31.7347
"1402" 35776.3 30.4958 4.9647 31.6785
"1403" 35776.3 30.4958 4.9647 31.6785
"1404" 35675.35 30.5058 4.9648 31.6067
"1405" 35647.5 30.5298 4.9697 31.7058
"1406" 35286.45 30.5832 4.9801 31.7883
"1407" 35015.35 30.6051 4.9839 31.7013
"1408" 35197.4 30.6323 4.9836 31.5434
"1409" 36045.1 30.6102 4.9801 31.6845
"1410" 36046.1 30.6102 4.9801 31.6845
"1411" 35737.1 30.5843 4.9826 31.6888
"1412" 35368.7 30.6054 4.9817 31.635
"1413" 35642.45 30.621 4.983 31.7266
"1414" 35578.8 30.6292 4.9849 31.7368
"1415" 35727.75 30.7102 4.9994 31.8577
"1416" 36551.1 30.7381 5.005 32.0498
"1417" 36550.95 30.7381 5.005 32.0498
"1418" 36453.9 30.7073 5.0002 31.9642
"1419" 36651.1 30.7381 5.006 31.9731
"1420" 36854.45 30.8617 5.0268 32.2013
"1421" 36740.7 30.9491 5.0409 32.3049
"1422" 36994.45 30.9245 5.037 32.1068
"1423" 37146.3 30.9164 5.0339 31.8771
"1424" 37146.9 30.9164 5.0339 31.8768
"1425" 37101.65 30.9464 5.0371 31.9202
"1426" 37072.6 30.9307 5.0372 31.993
"1427" 37058.8 30.9104 5.0365 32.0845
"1428" 36913.65 30.898 5.0389 32.1047
"1429" 36644.15 30.9792 5.051 32.1046
"1430" 36209.3 31.0264 5.0578 32.1333
"1431" 36209.3 31.0264 5.0578 32.1338
"1432" 36461.45 31.0598 5.0676 32.1718
"1433" 37371.05 31.0757 5.0695 32.1107
"1434" 37443.7 31.1159 5.0726 31.9284
"1435" 37575.3 31.1314 5.072 31.9164
"1436" 37404 31.1569 5.0759 31.9998
"1437" 37248.5 31.2484 5.0862 31.928
"1438" 37249.5 31.2484 5.0862 31.9277
"1439" 37264.05 31.1943 5.0807 31.875
"1440" 37764.25 31.1727 5.0798 32.0242
"1441" 38362 31.1878 5.088 32.1507
"1442" 38225.9 31.2043 5.0928 32.2673
"1443" 38315.25 31.3126 5.1107 32.3937
"1444" 38373.05 31.3906 5.1278 32.5681
"1445" 38373.75 31.3906 5.1278 32.5686
"1446" 38035.9 31.3284 5.1165 32.4579
"1447" 37470.75 31.2563 5.1043 32.482
"1448" 37465.85 31.3039 5.1133 32.4872
"1449" 37611.15 31.4053 5.1199 32.1463
"1450" 37712.55 31.4898 5.1292 32.0984
"1451" 37714.1 31.5431 5.1369 32.051
"1452" 37715 31.5431 5.1369 32.0506
"1453" 37694.55 31.5979 5.1441 32.1573
"1454" 37394.95 31.7437 5.1678 32.2267
"1455" 37460.25 31.8283 5.1808 32.2593
"1456" 37374.15 31.8193 5.1808 32.2721
"1457" 37723.55 31.7495 5.1723 32.2029
"1458" 37975.2 31.739 5.1707 32.1336
"1459" 37976.65 31.739 5.1707 32.1336
"1460" 37875.15 31.783 5.1711 32.1916
"1461" 37837.65 31.7626 5.1681 32.1002
"1462" 37890.4 31.6725 5.1514 31.9819
"1463" 37445.9 31.659 5.1501 31.8575
"1464" 37624.2 31.7709 5.172 31.8379
"1465" 37849.65 31.8397 5.1817 31.7895
"1466" 37850.1 31.8397 5.1817 31.789
"1467" 38258.1 32.0358 5.2136 31.8331
"1468" 38773.85 32.0548 5.2227 31.8275
"1469" 38910.55 32.0305 5.221 31.6178
"1470" 38761.05 32.0328 5.2205 31.4908
"1471" 38775.65 31.9657 5.216 31.4332
"1472" 39076.45 31.9435 5.217 31.4954
"1473" 39077.55 31.9435 5.217 31.4956
"1474" 39109.9 31.9006 5.2108 31.4417
"1475" 39401 31.8734 5.2073 31.3433
"1476" 39216.9 31.8312 5.2028 31.2245
"1477" 39414.45 31.7388 5.1885 33.0484
"1478" 39899.7 31.5507 5.1481 36.5031
"1479" 40292 31.4752 5.1317 36.7402
"1480" 40294.5 31.4752 5.1317 36.7468
"1481" 40216 31.4938 5.1367 36.2745
"1482" 40648.15 31.6507 5.1633 36.0922
"1483" 40899.1 31.5559 5.1478 36.3583
"1484" 40685.4 31.4572 5.1312 36.4729
"1485" 40609.7 31.3309 5.0978 35.8671
"1486" 40475.15 31.262 5.0798 35.5185
"1487" 40475.4 31.262 5.0798 35.5197
"1488" 40335.4 31.3252 5.0854 35.3042
"1489" 40042.75 31.1976 5.0706 34.5781
"1490" 40239.65 31.2094 5.0727 34.5414
"1491" 40122.95 31.4863 5.1165 34.4276
"1492" 40048.2 31.6588 5.1396 34.3135
"1493" 40789.9 31.7688 5.1463 34.4951
"1494" 40789.8 31.7688 5.1463 34.4927
"1495" 40511.35 31.6991 5.1383 34.1965
"1496" 40198.15 31.5907 5.129 34.1178
"1497" 39766.85 31.4619 5.1129 34.0186
"1498" 39938.3 31.5232 5.123 34.0839
"1499" 39620.5 31.529 5.1309 34.1409
"1500" 39129.1 31.6977 5.1549 34.2126
"1501" 39129.5 31.6977 5.1549 34.2109
"1502" 39192.35 31.6294 5.1447 34.2042
"1503" 39143.5 31.5932 5.1396 34.1597
"1504" 38990.7 31.6348 5.1461 34.1274
"1505" 38596.95 31.5709 5.1382 33.968
"1506" 38554.35 31.414 5.1164 33.7874
"1507" 38628.35 31.4112 5.116 33.6929
"1508" 38628.8 31.4112 5.116 33.6932
"1509" 38726.75 31.4326 5.1176 33.7704
"1510" 38555.15 31.5568 5.1327 33.8204
"1511" 38249.45 31.6779 5.1516 33.7347
"1512" 38487.3 31.7022 5.1551 33.5656
"1513" 38375.9 31.7964 5.1694 33.5463
"1514" 38195.75 31.7866 5.1685 33.8765
"1515" 38195.35 31.7866 5.1685 33.8787
"1516" 38136.5 31.7606 5.1629 33.5718
"1517" 38048.8 31.7082 5.1536 33.3764
"1518" 38031 31.5185 5.1252 33.2021
"1519" 38041.8 31.4273 5.1114 33.0823
"1520" 38109.4 31.4807 5.1104 33.1076
"1521" 38174.2 31.4674 5.1046 32.9913
"1522" 38174.4 31.4674 5.1046 32.9907
"1523" 38239.2 31.4639 5.1044 32.9117
"1524" 37910.45 31.4053 5.099 32.7489
"1525" 37838.35 31.415 5.1014 32.6564
"1526" 37853.55 31.4917 5.1179 32.5394
"1527" 37484.5 31.5037 5.1203 32.2372
"1528" 36920.25 31.6285 5.1373 32.0775
"1529" 36921.1 31.6285 5.1373 32.0772
"1530" 36951.7 31.567 5.124 32.0358
"1531" 36817.65 31.6393 5.1346 31.8785
"1532" 36744.95 31.6976 5.1435 31.5965
"1533" 36575.4 31.6489 5.1384 31.4514
"1534" 36660.4 31.6941 5.1491 31.5274
"1535" 36820.7 31.7803 5.1595 31.6106
"1536" 36820.7 31.7803 5.1595 31.6106
"1537" 36692.75 31.708 5.1526 31.5272
"1538" 36458.3 31.616 5.146 31.4306
"1539" 36335.6 31.5353 5.1445 31.5208
"1540" 36747.85 31.4263 5.1297 31.7718
"1541" 36972.75 31.4638 5.1338 31.9574
"1542" 37099.45 31.3709 5.1206 32.1668
"1543" 37099.45 31.3709 5.1206 32.1668
"1544" 37153.6 31.3598 5.1179 32.2066
"1545" 37189.5 31.2495 5.1034 32.4795
"1546" 37273.55 31.2313 5.1008 32.5669
"1547" 37564.6 31.2264 5.1009 32.5787
"1548" 37477.55 31.2017 5.0943 32.3852
"1549" 37334.3 31.1427 5.0851 32.3844
"1550" 37334.3 31.1427 5.0851 32.3844
"1551" 37161.35 31.2198 5.1008 32.3761
"1552" 37019.65 31.2567 5.1076 32.1978
"1553" 37223.05 31.2438 5.1074 32.237
"1554" 37396.75 31.0932 5.0877 32.3071
"1555" 37242.5 30.9529 5.0676 32.3507
"1556" 37215.55 30.9303 5.0673 32.491
"1557" 37215.55 30.9303 5.0673 32.491
"1558" 37567.8 30.8488 5.0543 32.3774
"1559" 37496.95 30.9355 5.0629 32.2072
"1560" 37456.35 31.0126 5.0728 32.1722
"1561" 37257.1 31.1139 5.0906 32.0375
"1562" 37475.85 31.2079 5.1045 31.8961
"1563" 37729.9 31.2399 5.111 31.8938
"1564" 37729.9 31.2399 5.111 31.8938
"1565" 37653.75 31.3021 5.117 31.9434
"1566" 37365.7 31.2607 5.1128 32.0433
"1567" 37318.85 31.2364 5.1135 32.1284
"1568" 37437.55 31.1147 5.0983 32.3285
"1569" 37272.5 31.0056 5.0808 32.4838
"1570" 37307.45 30.9754 5.0748 32.5275
"1571" 37307.45 30.9754 5.0748 32.5275
"1572" 37231.95 30.9993 5.0764 32.4894
"1573" 37229.1 31.0788 5.0887 32.4828
"1574" 37159.5 31.0331 5.0816 32.357
"1575" 36937.95 31.043 5.0832 32.1812
"1576" 36630.9 30.8317 5.0513 32.2989
"1577" 36229.8 30.7167 5.0334 32.1986
"1578" 36229.8 30.7167 5.0334 32.1986
"1579" 36316.3 30.5586 5.0051 32.0066
"1580" 36722.05 30.4772 4.992 31.8979
"1581" 36824 30.4528 4.9923 32.0454
"1582" 36604.3 30.5807 5.0139 32.5812
"1583" 36163.35 30.6537 5.0237 32.8671
"1584" 36246.75 30.7575 5.0389 32.9776
"1585" 36246.75 30.7575 5.0389 32.9776
"1586" 36403.55 30.7301 5.0343 32.8853
"1587" 36558.65 30.701 5.0299 32.9284
"1588" 36550.25 30.633 5.023 33.2184
"1589" 36456.9 30.7356 5.0306 33.5371
"1590" 36451.85 30.733 5.0344 33.229
"1591" 36477 30.6939 5.0314 32.9744
"1592" 36477 30.6939 5.0314 32.9744
"1593" 36511.65 30.7572 5.0422 32.9665
"1594" 36572.25 30.7786 5.0463 33.1103
"1595" 36854.8 30.691 5.0358 33.2001
"1596" 37210.05 30.5548 5.0144 33.4209
"1597" 37164.2 30.452 4.9969 33.245
"1598" 37207.65 30.3967 4.9886 33.185
"1599" 37207.65 30.3967 4.9886 33.185
"1600" 37302.2 30.4223 4.9903 33.073
"1601" 37102.9 30.4669 4.9948 32.7166
"1602" 36892.35 30.5143 5.0015 32.5508
"1603" 36785.3 30.4337 4.9903 32.5527
"1604" 36715.55 30.4017 4.9847 32.4225
"1605" 36716.15 30.4453 4.9906 32.2991
"1606" 36716.15 30.4453 4.9906 32.2991
"1607" 36738.95 30.4822 4.9934 32.3048
"1608" 36612.6 30.5886 5.0088 32.2474
"1609" 36409.5 30.6556 5.0184 32.2361
"1610" 36391.65 30.6278 5.0142 32.3312
"1611" 36504.1 30.687 5.0242 32.5781
"1612" 36572.1 30.7219 5.0311 32.6786
"1613" 36572.1 30.7219 5.0311 32.6786
"1614" 36678.85 30.8047 5.0421 32.6272
"1615" 36712.75 30.8453 5.0405 32.8037
"1616" 36652.55 30.789 5.0372 32.9506
"1617" 36458.8 30.861 5.052 33.0626
"1618" 36330.8 30.942 5.064 33.0243
"1619" 36426.05 31.0799 5.0849 33.0795
"1620" 36426.05 31.0799 5.0849 33.0795
"1621" 36506.75 31.1157 5.0892 33.19
"1622" 36631.9 31.1146 5.0907 33.5071
"1623" 36635.35 30.962 5.0584 33.3036
"1624" 36566.55 30.9024 5.0516 33.0816
"1625" 36526.75 30.9151 5.0546 33.1758
"1626" 36526.4 30.9102 5.0538 33.2925
"1627" 36526.4 30.9102 5.0538 33.2925
"1628" 36548.95 30.9076 5.0517 33.1483
"1629" 36547.7 30.8772 5.0472 33.1638
"1630" 36449.6 30.8773 5.0525 33.2618
"1631" 36678.1 30.7168 5.0309 33.3911
"1632" 36853.55 30.6859 5.0267 33.3031
"1633" 36819.85 30.6756 5.0259 33.4167
"1634" 36819.85 30.6756 5.0259 33.4167
"1635" 36596.3 30.6685 5.0246 33.3678
"1636" 36413.95 30.785 5.0411 33.1217
"1637" 36324.7 30.8766 5.0549 33.0786
"1638" 36325 30.9158 5.0627 33.0376
"1639" 36335 30.948 5.0683 33.1013
"1640" 36432.65 30.9963 5.0757 33.2232
"1641" 36432.65 30.9963 5.0757 33.2232
"1642" 36538.8 30.9541 5.0672 33.1352
