17545
17270
16214
20099
18729
19149
18535
21999
21915
21580
20498
24747
26285
25539
23734
28115
28202
28599
26824
31146
30409
31381
30925
35567
35265
35665
36030
41400
39995
41599
43049
48383
47921
48737
49360
54689
53504
57206
57392
63325
62998
67093
66623
72400
75626
80497
80079
86334
92374
98004
105494
122623
138058
142849
137738
141484
139697
147769
151956
162405
168312
177474
181952
193845
194267
209546
211207
230637
228875
248057
258919
275650
279629
300293
311605
328069
349969
373902
383668
415086
422959
451532
459833
470719
461896
488317
489592
498589
495528
548306
554907
571264
562284
619869
620261
616470
598491
641680
639119
656722
684160
734679
761704
786368
786725
832223
862293
863721
846978
887744
926609
953988
949158
992328
1023333
1068252
1072990
1102526
1115762
1189010
1193397
1237128
1260298
1332940
1350206
1381427
1402615
1480431
1503519
1531867
1551132
1618820
1628330
1674412
1689891
1791809
1766098
1811031
1852793
1966728
1929854
1974424
2020970
2111342
2090221
2109448
2168305
2349267
2282027
2295536
2349301
2454277
2413238
2411196
2429582
2561579
2497930
2511843
2598637
2742850
2533134
2448239
2487095
2689741
2593621
2598101
2673352
2815809
2665146
2582176
2763554
2954990
2822220
2836014
2964819
3026592
2901189
2889085
3047620
3254360
3037798
3038119
3215915
3348971
3180147
3204724
3464717
3557474
3345497
3320942
3248413
3236098
3117366
3110192
3276808
3457290
3431321
3490368
3613931
3583593
3582286
3483296
3652033
3594585
3589361
3553329
3766640
3777587
3676446
3709075
3858380
3977300
3848723
3917365
4089643
4228272
4131391
