6.55
6.55
6.55
6.1
6.1
6.1
6.25
6.25
6.25
5.42
5.42
5.42
5.14
5.14
5.14
4.37
4.37
4.37
3.93
3.93
3.93
3.79
3.79
3.79
6.62
6.62
6.62
4
4
4
4.24
4.24
4.24
3.62
3.62
3.62
3.9
3.9
3.9
2.38
2.38
2.38
2.29
2.29
2.29
1.77
1.77
1.77
2.88
2.88
2.88
1.71
1.71
1.71
1.7
1.7
1.7
1.53
1.53
1.53
1.88
1.88
1.88
2.11
2.11
2.11
1.55
1.55
1.55
1.85
1.85
1.85
1.96
1.96
1.96
1.47
1.47
1.47
1.63
1.63
1.63
1.58
1.58
1.58
2.13
2.13
2.13
1.63
1.63
1.63
1.66
1.66
1.66
1.66
1.66
1.66
1.66
1.66
1.66
1.37
1.37
1.37
1.37
1.37
1.37
1.64
1.64
1.64
1.55
1.55
1.55
1.35
1.35
1.35
1.22
1.22
1.22
1.35
1.35
1.35
1.11
1.11
1.11
1.01
1.01
1.01
1.02
1.02
1.02
1.72
1.72
1.72
2.33
2.33
2.33
2.87
2.87
2.87
1.97
1.97
1.97
2.69
2.69
2.69
2.08
2.08
2.08
1.55
1.55
1.55
1.39
1.39
1.39
1.56
1.56
1.56
1.38
1.38
1.38
1
1
1
1.4
1.4
1.4
1.54
1.54
1.54
1.27
1.27
1.27
2.01
2.01
2.01
1.84
1.76
1.58
1.7
1.65
1.84
1.88
1.89
1.53
1.12
1.2
1.29
1.3
1.19
1.09
1.18
1.14
1.55
1.55
1.41
1.17
1.2
1.23
0.95
1.1
1.06
0.93
1.19
1.3
1.52
1.62
1.36
1.26
1.2
1.25
0.96
1.43
1.09
0.86
1.01
1.33
1.48
1.79
1.69
1.73
1.55
1.32
1.36
1.62
1.32
1.49
1.98
1.95
2.21
2.65
2.68
2.77
2.71
2.79
2.73
3.45
2.91
2.61
2.42
2.51
2.88
2.91
2.7
2.79
2.34
2.27
2.34
2.75
2.09
2.01
2.11
2.23
2.52
3.02
3.03
2.77
2.25
2.21
2.03
2.15
2.49
2.28
2.57
2.53
3.44
4.1
3.62
3.45
3.28
2.91
2.53
3.33
2.79
2.34
2.34
2.72
2.93
3.11
2.96
2.61
2.33
1.98
1.92
2.37
2.03
1.72
1.94
1.75
2.02
2.08
2.07
2.01
1.86
1.82
1.77
1.7
1.79
1.59
1.74
1.83
1.94
1.87
1.62
1.54
1.48
1.41
1.35
1.88
1.46
1.31
1.5
1.68
1.76
1.87
1.72
1.48
1.45
1.36
1.31
1.6
1.51
1.32
1.48
1.67
1.96
2.1
1.98
1.73
1.8
1.52
1.37
1.35
1.39
1.4
1.43
1.37
1.82
1.78
1.79
1.56
1.49
1.39
1.37
1.54
1.38
1.33
1.4
1.54
1.76
1.92
1.72
1.55
1.36
1.27
1.23
1.32
1.34
1.34
1.29
1.4
1.71
1.9
1.58
1.58
1.39
1.24
1.2
1.66
1.52
1.38
1.43
1.53
1.85
1.99
1.65
1.62
1.48
1.41
1.38
1.7
1.53
1.53
1.63
1.77
1.95
2.09
2.03
2.02
1.95
1.9
2.03
2.1
2.24
2.21
2.35
2.6
2.97
3.19
3.03
3.05
2.86
2.6
2.68
2.97
2.79
2.59
2.51
2.67
2.85
3.03
2.84
2.63
2.6
2.45
2.35
2.57
2.34
2.29
2.37
2.7
2.93
3.05
2.98
2.98
2.93
2.8
2.76
2.73
2.84
2.75
2.84
2.92
3.11
3.22
3.08
3.05
2.94
2.85
2.74
2.91
2.83
2.73
2.78
2.89
3.06
3.16
3.1
3.19
3.23
3.27
3.35
3.73
3.89
3.96
4.22
4.51
4.92
5.17
5.26
5.33
5.28
5.22
5.14
5.12
5.16
4.98
5.02
5.11
5.23
5.35
5.32
5.31
5.22
5.04
5.03
5.17
5.08
4.92
4.98
5.09
5.16
5.21
5.05
4.92
4.71
4.58
4.53
4.61
4.45
4.36
4.41
4.54
4.62
4.66
4.5
4.31
4.14
4.09
4.06
4.28
4.15
4.04
4.1
4.22
4.32
4.36
4.14
4.07
3.94
3.86
3.8
3.92
3.87
3.78
3.84
3.98
4.05
4.09
3.96
3.9
3.86
3.81
3.79
3.78
3.94
3.83
3.87
3.96
4.03
4.09
3.99
3.92
3.87
3.83
3.8
3.94
3.86
3.81
3.84
3.95
4.06
4.14
4.27
4.37
4.64
5.03
5.31
5.75
5.81
5.76
5.82
5.94
6.07
6.13
6.04
5.96
5.86
5.74
5.68
5.76
5.67
5.39
5.14
5.16
5.2
5.17
5.05
4.92
4.73
4.67
4.64
4.69
4.48
4.29
4.27
4.35
4.41
4.45
4.28
4.3
4.28
4.18
4.18
4.25
4.17
4.1
4.12
4.21
4.31
4.4
4.32
4.33
4.27
4.18
4.16
4.24
4.17
4.07
4.06
4.14
4.25
4.33
4.24
4.24
4.16
4.08
4.02
4.09
4.03
3.91
3.85
