17598
17335
16288
20168
18755
19167
18564
22053
21902
21561
20489
24762
26235
25480
23683
28090
28088
28486
26719
31066
30261
31231
30755
35428
35053
35439
35789
41182
39708
41298
42735
48076
47558
48366
48974
54256
53023
56693
56874
62800
62396
66456
65972
71770
74918
79755
79292
85608
91567
97170
104590
121784
137115
141859
136734
140595
138740
146714
150844
161362
167259
176306
180781
192743
193124
208244
209949
229529
227729
246733
257653
274554
278747
299112
310466
327070
349634
372950
382869
414493
424595
452214
461027
472993
463038
488353
489570
500208
496231
547128
552796
571988
562185
618055
617449
616688
597057
636968
632720
650384
684999
725921
756382
776695
776938
819154
849540
846225
828496
853736
895894
910424
942223
984015
1016618
1060371
1064193
1088396
1102644
1174822
1180478
1219288
1242884
1315570
1329513
1360407
1383805
1460819
1478071
1507557
1527339
1597134
1601565
1648257
1667787
1767896
1734012
1779863
1823822
1939848
1893357
1943895
1987585
2081238
2049796
2074325
2135056
2315607
2233820
2254713
2304791
2410850
2364778
2373671
2389732
2520868
2453442
2474404
2558731
2700817
2476711
2391097
2432576
2630003
2524981
2528972
2606891
2750795
2591382
2516062
2697889
2890924
2750517
2766639
2892668
2955468
2806180
2800359
2963732
3170008
2921839
2940136
3119283
3262213
3041846
3071240
3334386
3463039
3176424
3173185
3115109
3155432
2997919
2986363
3146568
3350243
3299585
3324540
3467135
3460839
3424243
3316418
3484026
3484387
3435917
3377460
3592626
3671096
3531731
3540563
3679037
3809229
3678509
3685462
