收盤價	成交量	週轉率	市值比重 本益比	股價淨值比
38.98	181337	2.364	10.544	70.61	12.58
42.36	258583	3.371	11.024	76.73	13.67
41.91	115689	1.5082	10.831	75.92	13.53
45.06	243211	3.1706	11.185	81.63	14.54
45.51	56214	0.7328	10.984	82.45	14.69
49.34	112930	1.4722	11.588	89.39	15.93
46.19	114216	1.489	10.81	83.67	14.91
44.84	112922	1.4721	11.302	81.22	14.47
45.97	67273	0.877	11.427	83.27	14.83
43.94	68748	0.8962	11.025	79.59	14.18
42.81	180826	2.3573	11.557	77.55	13.82
44.61	207571	2.706	11.131	80.82	14.4
47.32	175330	2.2857	11.125	85.71	15.27
45.06	94808	1.2359	10.716	81.63	14.54
39.66	225441	2.9389	10.562	71.84	12.8
41.91	129907	1.6935	10.852	75.92	13.53
43.94	156879	2.0451	11.821	48.99	14.18
42.81	78583	1.0244	11.655	47.74	13.82
41.68	112624	1.4682	11.476	46.48	13.45
46.9	205551	2.0574	12.536	52.29	15.15
42.65	126378	1.2649	11.747	47.55	13.78
46.02	147584	1.4604	12.247	51.31	12.16
46.31	74748	0.7397	12.175	51.63	12.24
43.82	105931	1.0482	11.864	48.86	11.58
42.79	73949	0.7317	11.676	47.71	11.31
42.79	107070	0.916	13.923	47.71	13.08
41.62	131859	1.128	13.675	53.79	12.72
42.65	98071	0.839	13.437	55.11	13.04
38.11	116973	1.0007	12.518	49.24	11.65
37.52	166689	1.426	12.354	49.04	11.47
36.93	100512	0.8599	12.6	48.28	11.29
38.4	125480	1.0735	12.878	50.19	11.74
40.6	117329	1.0037	13.224	53.07	12.41
41.18	72677	0.6217	13.718	53.83	12.59
38.98	100624	0.8608	13.507	40.92	11.92
36.49	75383	0.6449	13.224	38.31	11.15
35.61	105195	0.8999	13.478	37.38	10.89
31.22	159627	1.3656	12.568	32.77	9.54
29.31	202262	1.7303	12.611	30.77	8.96
32.54	241757	2.0682	13.488	34.15	6.29
28.29	145806	1.2473	12.678	29.69	5.47
27.26	236235	2.0209	12.821	28.62	5.27
29.9	353207	3.0216	13.561	31.38	5.78
31.07	283910	2.4288	14.123	32.62	6.01
33.42	309665	2.6491	14.167	25.68	6.46
27.55	223496	1.912	13.754	21.17	5.33
27.85	200159	1.7123	13.252	21.4	5.38
26.38	149691	1.2806	11.583	20.27	4.64
26.38	123465	1.0562	11.635	20.27	4.64
25.65	110833	0.9482	11.574	19.71	4.52
22.86	123909	1.06	11.009	17.57	4.02
23.01	120636	1.032	11.242	17.68	4.05
26.53	187889	1.6074	11.59	20.38	4.67
27.55	197016	1.6854	11.939	21.17	4.85
29.9	231885	1.9837	11.825	22.97	5.26
29.46	219753	1.8799	11.257	22.64	5.19
26.82	203716	1.7427	10.672	20.61	4.72
28.73	160891	1.3764	10.984	22.07	5.06
26.67	95005	0.8127	10.768	20.5	4.7
24.48	127084	1.0872	10.27	18.81	4.31
25.79	131009	1.1208	10.475	19.82	4.54
25.94	105989	0.9067	10.351	19.93	4.57
26.53	122402	1.0471	10.555	20.38	4.67
25.94	102909	0.8804	10.331	19.93	4.57
24.18	108703	0.9299	10.125	18.58	4.26
24.91	117701	1.0069	10.47	19.14	4.39
26.53	160944	1.3768	10.946	20.38	4.67
25.5	72000	0.6159	10.872	19.59	4.49
27.26	213642	1.8277	11.98	20.95	4.8
27.55	115806	0.9907	12.12	17.31	4.85
26.53	94115	0.8051	11.938	16.67	4.67
27.7	88699	0.7588	12.325	17.4	4.88
26.09	63896	0.5466	11.95	16.39	3.85
28.43	104857	0.897	12.495	17.86	4.2
27.41	80352	0.6874	12.197	17.22	4.05
24.91	139090	1.1899	11.649	15.65	3.68
26.89	143155	0.8505	12.678	16.98	3.99
26.47	98936	0.5878	12.897	16.71	3.93
26.47	153710	0.9132	13.522	16.71	3.93
25.42	130573	0.7757	13.798	16.05	3.77
26.68	205365	1.22	14.145	16.84	3.96
28.99	230038	1.3666	14.648	18.3	4.3
28.78	116182	0.6902	14.715	18.17	4.27
28.36	77135	0.4582	13.995	17.9	4.21
25.42	233940	1.3898	13.497	16.05	3.77
26.89	264158	1.5693	13.649	21.4	3.99
26.47	118175	0.7021	13.858	21.07	3.93
23.32	109519	0.6506	13.915	18.56	3.46
21.43	8595	0.0511	13.438	17.06	3.18
19.62	324423	1.9274	12.152	15.62	2.91
19.66	177127	1.0523	12.357	15.65	2.91
23.11	191133	1.1355	13.697	18.39	3.42
24.58	219376	1.3033	14.403	19.57	3.63
26.47	230297	1.3682	14.753	21.07	3.91
26.26	295475	1.7554	14.453	20.9	3.88
28.57	247950	1.473	15.249	22.74	4.22
32.56	304776	1.8106	16.118	25.92	4.81
30.88	262995	1.5624	15.041	24.58	4.57
30.67	335305	1.992	15.206	39.04	4.53
37.18	394185	2.3418	15.66	47.33	5.47
35.08	281094	1.6699	14.364	44.65	5.16
33.61	289750	1.7214	15.159	42.78	4.95
35.71	191934	1.1403	14.943	45.45	5.26
36.76	79976	0.4751	14.435	46.79	5.41
37.39	167326	0.9941	14.449	47.59	5.5
36.76	226934	1.3482	14.084	46.79	5.41
35.71	160657	0.9544	14.122	45.45	5.26
38.65	324989	1.9307	14.269	49.2	5.69
35.92	248596	1.4769	13.53	45.72	5.29
36.34	91257	0.5421	13.419	46.26	5.35
34.24	164734	0.9787	13.255	43.58	5.04
34.03	138935	0.8254	12.981	43.32	5.01
38.44	371345	2.2061	13.857	48.93	5.66
38.02	244039	1.4498	13.861	48.4	5.6
39.91	164743	0.9787	14.214	50.8	5.88
40.54	160477	0.9534	14.238	51.6	5.97
38.86	112898	0.6707	13.522	49.47	5.72
38.65	175725	1.044	13.513	49.2	5.69
39.7	154624	0.9186	13.305	50.53	5.84
38.65	116891	0.6944	13.26	49.2	5.69
35.71	196642	1.1682	12.964	113.33	5.26
36.34	195052	1.1588	13.556	115.33	5.35
37.6	118901	0.7064	13.883	119.33	5.54
36.76	125568	0.746	13.742	116.67	5.41
35.92	142687	0.8477	13.502	114	5.29
31.51	283122	1.682	12.364	100	4.48
31.72	212286	1.2612	12.16	100.67	4.51
32.05	259967	1.396	12.524	101.47	4.56
31.59	204431	1.0977	13.079	100	4.5
31.12	198934	1.0682	12.631	98.53	4.43
32.98	236069	1.2676	12.982	104.41	4.69
28.57	283727	1.5235	11.798	90.44	4.07
25.08	296557	1.5924	11.023	79.41	3.57
23.18	462903	2.4857	10.042	73.38	3.3
23.69	310405	1.6668	10.405	75	3.37
24.85	196091	1.053	10.79	78.68	3.54
25.08	232537	1.2487	10.726	79.41	3.57
23.18	172495	0.9263	10.328	43.02	3.3
22.06	104581	0.5616	10.478	40.95	3.14
22.34	142970	0.7677	10.327	41.47	3.18
20.21	288003	1.5465	9.656	37.5	2.88
19.51	275024	1.4768	9.814	36.21	2.78
17.65	287284	1.5426	8.745	32.76	2.45
16.58	367746	1.9747	8.682	30.78	2.3
21.6	518516	2.7843	9.769	40.09	2.99
21.37	468092	2.5135	9.505	39.66	2.96
20.9	267309	1.4354	9.356	35.43	2.9
23.69	460459	2.4725	9.848	40.16	3.28
22.48	287285	1.5426	9.343	38.11	3.12
23.23	281052	1.5092	9.857	39.37	3.22
23.46	293378	1.5754	10.09	39.76	3.25
23.92	235298	1.2635	10.138	40.55	3.27
22.62	241120	1.2948	9.975	38.35	3.09
21.37	239098	1.2839	9.498	36.22	2.92
21.14	108289	0.5815	9.424	35.83	2.89
19.79	51304	0.2755	8.895	33.54	2.7
20.81	56116	0.3013	8.902	35.28	2.84
21.92	193320	1.0381	8.93	37.17	2.99
22.67	311474	1.6725	9.131	38.43	3.1
22.95	227237	1.2202	8.972	38.9	3.13
22.16	85733	0.4604	8.736	37.56	3.03
19.51	159672	0.8574	8.122	33.07	2.66
19.04	236472	1.2698	8.355	32.28	2.6
20.86	240144	1.2895	9.038	35.35	2.85
19.51	140875	0.7565	8.673	33.07	2.66
19.32	155365	0.8343	8.734	32.76	2.64
21.14	239098	1.2839	9.286	35.83	2.89
22.53	357934	1.922	9.659	38.19	3.08
20.62	288665	1.5501	9.062	34.96	2.82
21	249256	1.3384	9.175	35.59	2.87
20.81	180875	0.9713	9.026	35.28	2.84
22.06	273486	1.4685	9.308	37.4	3.01
21.14	302891	1.6264	9.812	35.83	2.89
22.44	367558	1.9737	10.526	46.44	3.06
22.06	212933	1.1434	10.232	45.67	3.01
22.67	226829	1.218	10.415	46.92	3.1
22.81	213551	1.1467	10.323	47.21	3.11
24.85	341259	1.8325	10.739	51.44	3.39
27.17	300120	1.6116	11.267	56.25	3.63
26.48	291617	1.5659	10.661	54.81	3.54
27.17	237566	1.2757	10.673	56.25	3.63
26.48	154719	0.8308	10.662	54.81	3.54
28.8	209619	1.1256	10.968	59.62	3.85
29.03	278581	1.3746	10.873	59.9	3.89
29.28	186326	0.9194	10.868	60.42	3.92
28.78	213852	1.0552	10.45	59.38	3.85
30.29	240710	1.1877	10.991	62.5	4.05
29.28	176966	0.8732	10.936	60.42	3.92
30.8	207403	1.0234	10.959	63.54	4.12
32.31	240064	1.1845	11.182	66.67	4.33
33.83	266453	1.3147	11.635	62.04	4.53
34.33	143613	0.7086	11.823	62.96	4.6
34.33	192505	0.9499	11.807	62.96	4.6
34.84	222847	1.0996	11.766	63.89	4.66
33.32	160786	0.7934	11.476	61.11	4.46
35.34	137313	0.6775	11.852	64.81	4.76
34.84	153238	0.7561	11.418	63.89	4.69
34.33	175229	0.8646	10.93	62.96	4.62
32.57	246507	1.2163	10.565	59.72	4.38
33.83	194947	0.9619	10.744	62.04	4.55
34.84	162503	0.8018	11.007	41.32	4.69
34.08	206847	1.0206	10.787	40.42	4.59
32.82	173202	0.8546	10.767	38.92	4.42
32.06	134057	0.6615	10.623	38.02	4.31
32.82	138580	0.6838	10.614	38.92	4.21
31.3	261652	1.291	10.194	37.13	4.01
30.29	223127	1.101	10.035	35.93	3.89
31.3	96470	0.476	10.198	37.13	4.01
32.06	98363	0.4853	10.377	38.02	4.11
33.07	55164	0.2722	10.429	39.22	4.24
34.08	182419	0.9001	10.428	40.42	4.37
33.58	131367	0.6482	10.203	39.82	4.31
33.32	192833	0.9515	9.958	39.52	4.27
31.81	174132	0.8592	9.232	37.72	4.08
32.31	156493	0.7722	9.096	38.32	4.14
32.06	221064	1.0908	8.866	38.02	4.11
32.06	211445	1.0433	8.753	38.02	4.11
33.83	369827	1.8248	8.967	40.12	4.34
31.3	298694	1.4738	8.471	37.13	4.01
31.81	321242	1.5851	8.589	37.72	4.08
29.54	520417	2.5679	8.88	35.03	3.79
30.04	195088	0.9626	8.413	25.54	3.85
30.29	169449	0.8361	8.377	25.75	3.89
30.8	226397	1.1171	8.258	26.18	3.95
32.31	345749	1.706	8.748	27.47	4.14
29.03	303903	1.4995	8.668	18.91	3.72
28.78	273568	1.3498	8.701	18.75	3.69
27.77	259032	1.2781	8.778	18.09	3.56
27.77	285739	1.4099	8.501	18.09	3.56
29.28	188753	0.9313	8.703	19.08	3.76
26.76	178448	0.8805	8.527	17.43	3.1
25.5	222276	1.0968	8.11	16.61	2.95
25.19	393264	1.6823	8.157	16.21	2.89
27.19	203405	0.8701	8.451	17.5	3.12
27.19	219306	0.9381	8.518	17.5	3.12
27.07	165337	0.7073	8.434	17.42	3.1
25.01	250492	1.0716	8.182	16.1	2.87
25.19	267888	1.146	8.397	16.21	2.89
25.24	320571	1.3713	8.343	16.25	2.89
25.89	258019	1.1037	8.586	16.67	2.97
25.77	178648	0.7642	8.559	16.59	2.95
27.3	229292	0.9861	8.653	17.58	3.11
28.25	191032	0.8216	8.673	18.18	3.22
26.13	298773	1.2849	8.061	14.14	2.98
26.24	195588	0.8412	7.94	14.2	2.99
26.36	203941	0.8771	8.014	14.27	3.01
25.72	193929	0.834	7.72	13.92	2.93
26.19	171849	0.7391	7.76	14.17	2.95
25.48	278098	1.196	7.358	13.7	2.87
25.01	180819	0.7777	7.573	13.45	2.81
25.42	166429	0.7158	7.76	13.67	2.86
25.77	213340	0.9175	7.964	13.86	2.9
28.07	524082	2.2539	8.311	12.89	3.16
27.66	251419	1.0813	8.185	12.7	3.11
29.72	430842	1.8529	8.635	13.65	3.34
27.77	222313	0.9561	8.416	12.76	3.13
28.78	269765	1.1602	8.545	13.22	3
28.36	266527	1.1463	8.399	13.03	2.96
29.3	244718	1.0525	8.54	13.46	3.05
29.42	236503	1.0171	8.558	13.51	3.07
29.72	154304	0.6636	8.46	13.65	3.1
28.13	179220	0.7708	8.22	12.92	2.93
27.66	194061	0.8346	8.146	12.7	2.88
27.95	183404	0.7888	8.289	12.84	2.91
29.42	256661	1.1038	8.677	13.51	3.07
31.48	429611	1.8476	9.014	14.46	3.28
31.78	342020	1.4709	8.974	14.59	3.31
32.36	228953	0.9847	8.997	14.86	3.37
30.89	215056	0.9249	8.601	14.19	3.22
30.89	166097	0.7143	8.586	14.19	3.22
29.95	186763	0.8032	8.542	13.76	3.12
30.31	184045	0.7915	8.61	13.92	3.16
30.95	152315	0.655	8.826	14.22	3.22
30.78	126006	0.5419	8.782	14.14	3.21
30.19	146003	0.6279	8.81	13.86	3.15
29.19	242449	1.0427	8.721	13.41	3.04
30.54	198860	0.8552	9.017	13.07	3.18
32.13	173144	0.7446	9.245	14.04	3.35
32.25	225132	0.9682	9.258	14.09	3.36
33.25	229045	0.985	9.588	14.52	3.46
33.42	194394	0.836	9.58	14.6	3.48
33.95	249649	1.0736	9.543	14.83	3.23
34.19	320182	1.3769	9.478	14.94	3.25
36.72	242631	0.9813	9.672	15.56	3.38
36.59	186200	0.7531	9.557	15.51	3.37
36.01	228922	0.9258	9.483	15.26	3.32
34.78	209705	0.8481	9.263	14.74	3.2
36.59	267863	1.0833	9.421	15.51	3.37
36.79	188402	0.762	9.502	15.59	3.39
34.4	306869	1.2411	8.977	14.58	3.17
35.37	147568	0.5968	9.027	14.99	3.26
34.65	233779	0.9454	8.978	14.68	3.19
33.36	188705	0.7632	8.902	14.14	3.07
34.14	128398	0.5193	9.046	14.47	3.14
34.01	191128	0.773	9.033	15.25	3.13
33.36	102927	0.4163	8.857	14.96	3.07
34.01	239900	0.9702	9.157	15.25	3.13
33.23	193275	0.7816	9.107	14.9	3.06
34.46	207707	0.84	9.141	15.45	3.17
34.85	225055	0.9101	9.288	15.62	3.47
33.04	153997	0.6228	8.971	14.81	3.29
31.81	207096	0.8375	8.987	14.26	3.17
32.59	199562	0.807	9.384	14.61	3.24
35.04	231934	0.938	9.618	16.37	3.49
36.85	312815	1.2651	9.838	17.22	3.67
36.92	226088	0.9143	9.804	17.25	3.67
38.21	274985	1.1121	10.101	17.85	3.8
39.18	242683	0.9814	10.144	18.31	3.65
39.31	219788	0.8888	10.118	18.37	3.66
40.09	192452	0.7783	10.209	18.73	3.73
41.31	147177	0.5952	10.26	19.31	3.84
40.41	2062008	8.3381	9.925	18.88	3.76
42.35	260624	1.0539	10.15	19.79	3.94
41.7	270843	1.0952	10.015	19.49	3.88
40.41	240232	0.9714	9.993	18.88	3.76
41.06	106578	0.4309	10.069	19.18	3.82
40.99	79436	0.3212	9.937	19.15	3.81
40.47	201875	0.8162	9.812	18.91	3.77
39.89	184406	0.7456	9.565	18.64	3.71
39.44	177076	0.716	9.658	18.43	3.67
39.96	219483	0.8874	9.748	18.67	3.72
39.7	212696	0.86	9.778	18.55	3.69
39.24	159180	0.6436	9.616	18.34	3.65
38.66	176018	0.7117	9.693	18.07	3.6
41.51	284484	1.1502	10.031	19.4	3.86
43.58	190618	0.7707	10.261	20.36	4.05
43.96	207218	0.8378	10.089	20.54	4.09
44.8	193046	0.7805	10.086	18.33	4.17
44.03	205198	0.8297	9.815	18.02	4.1
44.29	167971	0.6791	9.534	15.5	4.12
41.96	249362	1.0082	9.142	14.68	3.9
40.41	243895	0.9861	9.051	14.14	3.76
38.47	289319	1.1698	8.872	13.46	3.58
40.41	178395	0.7211	9.104	14.14	3.24
37.82	284059	1.1483	9.201	13.24	3.03
38.4	261658	1.0577	9.155	13.44	3.07
39.78	260014	1.0069	9.278	13.35	3.06
41.05	238980	0.9254	9.214	13.77	3.16
39.99	161115	0.6239	9.022	13.42	3.07
38.73	190161	0.7364	9.052	13	2.98
38.59	207221	0.8025	9.028	12.95	2.97
38.24	248840	0.9636	8.865	12.83	2.94
38.59	149038	0.5771	8.993	12.95	2.97
40.34	202879	0.7856	9.218	13.54	3.1
41.89	221648	0.8583	9.356	14.06	3.22
40.06	155127	0.6007	9.207	13.44	3.08
41.33	147629	0.5717	9.318	12.15	3.18
39.85	119933	0.4644	8.929	11.71	3.06
41.47	191433	0.7413	9.302	12.19	3.19
41.96	208302	0.8066	9.185	12.33	3.23
41.96	196115	0.7594	9.187	12.33	3.23
42.66	166167	0.6434	9.147	12.54	3.51
44.28	160659	0.6221	9.388	13.02	3.64
43.44	211681	0.8196	9.259	12.77	3.57
43.93	174453	0.6755	9.304	12.91	3.61
42.94	236959	0.9175	8.997	11.86	3.53
42.73	178263	0.6902	8.935	11.81	3.51
43.86	168597	0.6528	9.063	12.12	3.61
44.56	183311	0.7098	9.021	12.31	3.66
46.74	284665	1.1021	9.117	12.91	3.57
46.46	221094	0.856	9.034	12.83	3.55
45.62	172774	0.6689	8.985	12.6	3.48
46.11	146213	0.5661	8.941	12.74	3.52
47.44	97329	0.3768	8.983	13.11	3.62
47.02	121074	0.4687	8.875	12.99	3.59
48.57	325591	1.2605	9.256	13.42	3.71
49.06	296350	1.1473	9.275	13.55	3.75
47.79	334266	1.2941	9.068	13.2	3.65
47.65	255129	0.9877	9.086	13.17	3.64
47.79	195216	0.7557	9.022	13.2	3.65
47.3	147311	0.5703	8.987	13.07	3.61
46.46	316179	1.224	9.027	12.83	3.55
46.74	276297	1.0696	9.156	12.91	3.57
48.5	1129772	4.3735	9.337	13.4	3.7
49.2	202651	0.7845	9.338	13.59	3.76
47.72	200064	0.7745	9.026	13.18	3.65
48.71	109611	0.4243	9.024	13.46	3.72
48.29	162387	0.6286	8.923	13.96	3.69
47.44	208321	0.8064	8.88	13.72	3.62
48.5	233538	0.904	9.07	14.02	3.7
48.57	195179	0.7555	8.932	15.78	3.71
47.44	187530	0.7259	8.762	15.41	3.62
48.15	284298	1.1005	8.881	15.64	3.68
47.37	266550	1.0318	8.605	15.39	3.62
48.36	256313	0.9922	8.677	15.71	3.36
49.02	475179	1.7985	8.38	14.93	3.27
49.25	305646	1.1569	8.181	15.31	3.28
51.2	369433	1.3983	8.275	15.92	3.41
53.14	328032	1.2414	8.515	16.53	3.54
52.84	216239	0.8184	8.19	16.43	3.52
54.72	353203	1.3367	8.226	17.02	3.65
52.02	256574	0.971	7.77	16.18	3.47
47.97	509461	1.9281	7.494	14.92	3.2
47.9	552286	2.09	7.538	14.9	3.19
46.1	332178	1.257	7.341	14.34	3.07
44.22	364598	1.3797	7.776	13.75	2.95
46.17	295598	1.1186	7.556	15.56	3.08
47	216637	0.8198	7.432	15.83	3.13
46.47	143388	0.5426	7.282	15.66	3.1
46.32	160156	0.6061	7.246	15.61	3.09
46.1	212766	0.8051	7.271	15.53	3.07
47.45	238291	0.9017	7.188	15.98	3.16
48.42	313233	1.1853	7.249	16.31	3.62
45.95	265184	1.0035	6.983	15.48	3.44
46.47	274759	1.0397	6.974	15.66	3.48
46.17	265036	1.0029	6.914	15.56	3.46
46.17	283263	1.0719	7.176	15.88	3.46
46.7	301458	1.1407	7.481	16.06	3.5
45.35	312518	1.1826	7.439	15.59	3.4
44.67	326023	1.2337	7.7	15.36	3.34
45.42	387177	1.4651	7.612	15.62	3.4
46.92	450345	1.7041	7.582	16.13	3.3
44.82	592775	2.2431	7.782	15.41	3.15
44.22	368928	1.396	8.119	15.21	3.11
45.35	285639	1.0809	7.88	15.59	3.19
46.47	38278	0.1448	7.951	15.98	3.27
44.97	122210	0.4624	7.908	15.46	3.16
41.23	329886	1.2483	7.417	14.18	2.9
40.93	372108	1.4081	7.224	14.07	2.88
41.6	330268	1.2497	7.755	14.3	2.93
46.02	514590	1.9472	8.72	15.82	3.24
46.1	292214	1.1057	8.508	15.85	3.24
45.65	190982	0.7227	8.188	15.7	3.21
46.17	266874	1.0413	7.759	15.88	3.15
47.97	310216	1.2105	7.66	16.49	3.27
45.8	238280	0.9298	7.709	14.79	3.12
48.57	337889	1.3184	7.827	15.69	3.31
46.7	437821	1.7084	7.438	15.08	3.19
48.27	215987	0.8427	7.619	15.12	3.29
48.05	215706	0.8416	7.318	15.05	3.28
50.07	256734	1.0017	7.486	15.68	3.42
48.5	260239	1.0154	7.352	15.19	3.31
50.97	300412	1.1721	7.653	14.72	3.48
49.7	223276	0.8712	7.615	14.35	3.39
51.87	348046	1.358	7.598	14.98	3.54
49.1	305376	1.1915	7.488	14.18	3.35
49.17	477535	1.8632	7.688	14.2	3.35
51.27	318663	1.2433	7.884	14.81	3.44
48.57	368103	1.4362	8.059	14.03	3.26
47.75	270692	1.0562	8.127	13.79	3.21
47.97	432953	1.6892	8.542	13.85	3.22
44.22	372827	1.4546	8.22	12.77	2.97
46.77	273219	1.066	8.672	13.51	3.14
46.7	328178	1.2548	8.74	12.8	2.98
46.54	270979	1.0361	8.204	12.76	2.97
45.09	212920	0.8141	8.21	12.36	2.88
48.72	290275	1.1099	8.617	13.36	3.11
48.8	642283	2.4558	8.645	13.38	3.11
48.47	239579	0.9249	8.874	12.92	3.09
47.43	330056	1.2742	8.519	12.64	3.02
42.68	468512	1.8087	8.558	11.37	2.72
42.43	290457	1.1213	8.505	11.31	2.68
44.77	495427	1.9126	9.484	11.93	2.83
43	276170	1.0662	9.165	11.46	2.72
41.39	233944	0.9031	9.094	10.96	3
37.12	261737	1.0104	9.133	9.83	2.69
36.19	336871	1.3005	9.203	9.58	2.63
32.01	284780	1.0994	8.838	8.48	2.32
38.65	437330	1.6883	10.024	10.21	2.81
35.03	387343	1.4953	9.331	9.24	2.54
33.58	267781	1.0337	9.526	8.85	2.44
31	267990	1.0458	9.302	8.17	2.23
32.85	307162	1.1987	9.221	8.66	2.36
29.95	325034	1.2684	8.869	7.9	2.06
33.66	453380	1.7693	9.398	8.87	2.32
36.19	305178	1.1909	9.65	9.54	2.49
34.95	135714	0.5296	9.885	9.21	2.41
35.75	70632	0.2756	9.733	9.43	2.46
33.01	326176	1.2729	9.239	8.61	2.27
33.38	280835	1.0959	9.558	8.71	2.3
32.37	183115	0.7146	9.532	8.45	2.23
35.99	463012	1.8068	10.046	9.39	2.48
37	351524	1.3718	10.048	9.65	2.55
35.35	327490	1.278	9.937	9.22	2.43
36.19	292687	1.1422	9.91	9.44	2.49
39.05	427704	1.669	11.093	10.19	2.69
39.86	397992	1.5531	10.757	10.4	2.75
38.41	327823	1.2793	10.228	12.23	2.65
41.79	311931	1.2172	10.24	13.31	2.88
42.35	338991	1.3228	10.114	13.49	2.92
42.68	404921	1.5801	9.746	13.59	2.94
40.58	465188	1.8153	9.309	12.92	2.8
40.66	372456	1.4534	9.129	12.95	2.8
44.45	334814	1.3065	9.795	14.15	3.06
45.33	722729	2.8203	8.703	19.69	3.12
44.13	400868	1.5643	8.595	19.16	3.04
45.25	340401	1.3283	8.487	19.65	3.12
48.63	301102	1.175	8.918	21.12	3.35
46.46	410567	1.6021	8.559	20.17	3.07
45.09	371592	1.45	8.835	19.58	2.98
42.11	398658	1.5557	8.534	18.29	2.78
43.8	362013	1.4127	8.557	19.02	2.89
44.29	217982	0.8506	8.389	19.23	2.93
45.17	255998	0.999	8.423	19.62	2.99
46.19	345001	1.3322	8.09	18.95	2.9
48.93	365573	1.4117	8.418	20.07	3.08
50.38	420332	1.6231	8.523	20.67	3.17
48.58	240435	0.9284	8.459	19.93	3.05
50.38	311415	1.2025	8.514	20.81	3.17
48.58	173040	0.6682	8.721	20.07	3.05
50.89	228437	0.8821	8.956	22.28	3.2
51.32	280376	1.0826	8.613	22.47	3.23
53.37	348806	1.3468	8.734	23.37	3.36
53.63	205782	0.7946	8.561	23.48	3.37
52.26	197402	0.7622	8.552	22.88	3.29
53.63	347599	1.342	8.673	23.48	3.74
52.26	376631	1.4541	8.268	22.88	3.65
52.95	312828	1.2078	8.225	23.18	3.7
52.6	347472	1.3416	8.255	23.03	3.67
51.32	321204	1.2401	8.379	22.47	3.58
51.32	249393	0.9629	8.154	22.56	3.58
52.86	319727	1.2344	8.176	23.23	3.69
52.77	298679	1.1531	8.144	23.2	3.68
51.32	233104	0.9	8.12	22.56	3.58
52.6	215846	0.8333	8.127	23.12	3.44
53.54	230682	0.8906	8.112	23.53	3.5
52.95	200879	0.7755	8.054	23.27	3.46
54.23	241789	0.9335	8.021	23.83	3.55
55.17	182333	0.7039	7.943	24.25	3.61
54.74	231981	0.8956	7.778	24.06	3.58
54.31	228963	0.8839	7.651	23.87	3.55
52.26	219489	0.8474	8.016	22.97	3.42
52.6	338343	1.3062	8.369	23.12	3.44
49.61	325722	1.2574	8.348	21.8	3.25
49.95	149196	0.576	8.145	21.95	3.27
50.29	251083	0.9693	8.205	22.11	3.29
51.66	269822	1.0416	8.168	17.56	3.38
52	206234	0.7962	8.205	17.67	3.4
51.32	256888	0.9917	7.864	17.44	3.36
53.03	292825	1.1304	8.162	18.02	3.47
53.37	179017	0.6911	7.791	18.14	3.49
53.63	183159	0.7071	7.761	18.23	3.51
53.89	257188	0.9928	7.778	18.31	3.53
52.77	296504	1.1446	7.716	17.94	3.45
52.86	250867	0.9684	7.727	17.97	3.46
50.81	269099	1.0388	7.868	12.69	3.32
52.35	228900	0.8836	7.892	13.08	3.42
50.29	233295	0.9006	8.23	12.56	3.29
50.21	230223	0.8887	8.15	12.54	3.29
52.18	181350	0.7001	8.406	13.03	2.99
51.75	228327	0.8814	8.389	12.93	2.97
53.63	190838	0.7367	8.479	13.4	3.08
52.52	204936	0.7911	8.261	13.12	3.01
51.58	259335	1.0011	8.271	12.88	2.96
54.32	305963	1.1811	7.941	12.91	2.96
53.87	208312	0.8041	7.856	12.8	2.94
56.47	270402	1.0438	8.131	13.42	3.08
56.11	157349	0.6074	8.075	13.33	3.06
54.77	194251	0.7499	7.647	13.01	2.99
54.05	281536	1.0868	7.613	12.84	2.95
53.87	196181	0.7573	7.552	12.8	2.94
52.88	211871	0.8179	7.607	11.09	2.88
53.78	210224	0.8115	7.615	11.28	2.93
53.33	169425	0.654	7.494	11.19	2.91
55.04	240226	0.9273	7.48	11.55	3
54.05	265481	1.0247	7.339	11.34	2.95
55.75	287670	1.1104	7.496	11.7	3.26
55.57	187940	0.7254	7.479	11.68	3.25
55.66	163101	0.6296	7.525	11.7	3.25
55.57	186320	0.7192	7.546	11.68	3.25
56.47	234872	0.9066	7.565	11.87	3.3
57.73	224008	0.8646	7.56	10.83	3.38
56.65	153651	0.5931	7.548	10.62	3.31
57.28	199546	0.7702	7.631	10.74	3.35
57.91	156195	0.6029	7.705	10.86	3.39
61.42	383448	1.48	7.811	11.52	3.3
62.68	289724	1.1182	7.884	11.75	3.37
65.56	332043	1.2816	8.154	12.29	3.52
63.67	275904	1.0649	7.883	11.94	3.42
63.85	321577	1.2411	7.797	11.97	3.43
65.2	343253	1.3248	8.343	12.23	3.5
67.27	329023	1.2699	8.426	12.61	3.61
67.09	337249	1.3016	8.415	12.58	3.6
68.61	344090	1.3279	8.423	12.87	3.68
64.21	388279	1.4984	8.315	12.04	3.45
65.65	301739	1.1645	8.277	12.31	3.53
63.4	343635	1.3261	8.219	11.89	3.4
64.57	257823	0.995	7.949	12.11	3.47
62.95	249568	0.9631	7.944	11.8	3.38
61.42	388619	1.4997	7.912	11.52	3.3
64.03	198970	0.7678	8.055	12.01	3.44
63.58	203581	0.7856	7.911	11.92	3.41
65.56	225440	0.8699	7.983	12.29	3.52
62.23	242446	0.9356	7.731	11.09	3.34
63.76	194472	0.7504	7.7	11.36	3.42
65.83	290544	1.1212	7.916	11.73	3.54
67.45	227943	0.8796	8.133	11.83	3.62
68.25	250494	0.9666	8.204	11.97	3.67
67.89	195595	0.7548	8.318	11.91	3.65
66.55	216571	0.8357	8.18	11.67	3.57
69.42	240625	0.9285	8.298	12.18	3.29
67.71	191991	0.7409	8.284	11.88	3.21
66.73	372230	1.4364	8.353	11.7	3.16
65.56	278155	1.0734	8.305	11.5	3.11
68.29	350836	1.3538	8.094	11.48	3.1
68.01	227488	0.8778	8.05	11.44	3.09
65.57	304763	1.176	7.92	11.03	2.98
67.54	225218	0.8691	7.974	11.36	3.07
67.54	228172	0.8805	8.077	11.36	3.07
62.48	255479	0.9859	8.212	10.5	2.84
61.07	442103	1.706	8.258	10.27	2.78
59.94	237739	0.9174	8.428	10.08	2.73
63.7	214796	0.8289	8.834	10.71	2.9
63.32	213140	0.8225	8.424	10.94	2.88
65.01	212277	0.8191	8.823	11.23	2.96
66.7	218642	0.8437	9.085	11.52	3.03
63.32	284454	1.0976	9.303	10.94	2.88
65.67	265664	1.0251	9.561	11.35	2.99
64.82	212074	0.8183	9.419	11.2	3.18
65.95	194633	0.751	9.392	11.39	3.23
65.95	142447	0.5497	9.525	11.39	3.23
68.57	251873	0.9719	9.432	11.85	3.36
69.98	219605	0.8474	9.615	13.49	3.43
68.85	148719	0.5739	9.755	13.27	3.37
69.61	232282	0.8963	10.043	13.42	3.41
67.17	200806	0.7749	10.398	12.95	3.29
71.29	243067	0.9379	10.199	13.74	3.29
69.51	187942	0.7252	10.301	13.4	3.21
68.2	147791	0.5703	10.27	13.15	3.15
70.73	163040	0.6291	10.166	13.63	3.26
71.11	103098	0.3978	10.275	13.71	3.28
70.92	128495	0.4958	10.16	13.67	3.27
72.7	247293	0.9542	10.323	14.01	3.36
71.95	138888	0.5359	10.142	13.87	3.32
71.76	409075	1.5784	9.408	13.83	3.31
72.14	231463	0.8931	9.306	13.91	3.33
75.05	288912	1.1148	9.643	14.47	3.46
74.2	202092	0.7798	9.457	14.3	3.42
74.39	130833	0.5048	9.297	14.34	3.43
75.05	140638	0.5426	9.49	14.47	3.46
76.08	200219	0.7725	9.576	15.66	3.51
80.11	211349	0.8155	10.057	16.49	3.7
79.64	220570	0.8509	10.178	16.39	3.68
78.61	136755	0.5276	10.341	16.18	3.63
79.64	181602	0.7006	10.365	16.39	3.68
79.08	142928	0.5514	10.679	16.27	3.65
80.67	243197	0.9382	10.934	16.6	3.72
82.18	161345	0.6225	10.806	17.28	3.79
80.21	197332	0.7613	10.974	16.86	3.7
76.73	201624	0.7778	10.867	16.13	3.54
75.05	198925	0.7674	10.747	15.78	3.46
74.95	303318	1.1702	10.66	15.76	3.13
73.08	221028	0.8527	10.55	15.36	3.06
73.26	232261	0.896	10.346	15.4	3.06
75.14	156155	0.6024	10.513	15.8	3.14
76.27	199981	0.7715	10.562	16.04	3.19
78.69	236192	0.9112	10.401	15.96	3.17
73.73	263168	1.0153	10.107	14.95	2.97
74.61	244630	0.9438	10.142	15.13	3.01
77.14	290606	1.1211	10.548	15.64	3.11
77.62	210456	0.8119	10.458	15.74	3.13
79.76	223170	0.861	10.422	16.17	3.22
79.76	149512	0.5768	10.353	16.17	3.22
79.76	144420	0.5572	10.339	16.17	3.22
81.03	136200	0.5254	10.615	15.72	3.27
81.51	156175	0.6025	10.639	15.81	3.29
84.14	174043	0.6714	10.537	16.32	3.39
83.36	183984	0.7098	10.422	16.17	3.36
87.35	229813	0.8866	10.978	16.94	3.52
88.52	188453	0.727	11.146	17.17	3.76
83.95	204620	0.7894	10.925	16.28	3.57
84.34	136230	0.5255	11.018	16.36	3.58
84.92	175353	0.6765	11.521	16.47	3.61
87.45	169256	0.6529	11.758	14.93	3.71
88.32	158428	0.6112	11.752	15.08	3.75
87.74	161716	0.6238	11.942	14.98	3.73
92.9	160846	0.6205	12.316	15.86	3.95
96.01	287558	1.1092	12.299	16.4	4.08
95.42	218294	0.8421	12.095	16.3	3.77
95.72	193504	0.7464	12.041	16.35	3.78
93.09	188692	0.7279	11.957	15.9	3.68
94.35	95187	0.3672	11.858	16.11	3.73
98.73	124485	0.4802	12.21	16.86	3.9
98.25	164192	0.6333	12.128	16.78	3.88
98.73	185487	0.7155	12.316	16.86	3.9
96.3	159406	0.6149	12.107	16.45	3.8
98.73	159814	0.6164	12.068	16.86	3.9
102.14	85483	0.3297	12.403	17.44	4.04
104.08	208674	0.8049	12.52	17.77	4.11
102.14	192154	0.7412	12.292	16.38	4.04
100.68	216325	0.8344	12.038	16.15	3.98
100.19	192813	0.7437	12.11	16.07	3.96
95.33	262382	1.012	11.715	15.29	3.77
97.76	131220	0.5061	11.83	15.68	3.86
97.76	65806	0.2538	11.79	15.68	3.86
97.76	213866	0.8248	11.965	15.68	3.86
103.6	195290	0.7532	12.504	16.61	4.09
105.54	217208	0.8377	12.596	16.93	4.17
107	131123	0.5057	12.57	17.16	4.23
111.38	139494	0.538	12.848	17.86	4.4
110.4	140312	0.5412	12.603	17.09	4.36
106.51	141799	0.5469	12.395	16.49	4.21
106.51	132032	0.5092	12.325	16.49	4.21
105.54	156229	0.6025	12.453	16.34	3.66
103.11	161370	0.6224	12.404	15.96	3.58
100.68	146618	0.5655	12.336	15.59	3.49
107.97	265351	1.0234	12.787	16.72	3.74
109	194434	0.7499	12.644	16.42	3.68
110	178329	0.6878	12.421	16.57	3.71
98.2	286009	1.1031	11.3	14.79	3.31
102.5	301376	1.1623	11.668	15.44	3.46
100.5	169753	0.6547	11.503	15.14	3.39
96.4	215195	0.83	11.381	14.52	3.25
96.5	192256	0.7415	11.293	13.73	3.26
97	199298	0.7687	11.424	13.8	3.27
100.5	170512	0.6576	11.614	14.3	3.39
102	151159	0.583	11.602	14.51	3.44
102.5	173547	0.6693	11.678	14.58	3.46
103	101148	0.3901	11.635	14.65	3.47
103	170969	0.6594	11.602	14.65	3.47
104	156686	0.6043	11.499	14.79	3.61
106.5	145171	0.5599	11.797	15.15	3.7
110	147871	0.5703	12.059	15.65	3.82
107	163037	0.6288	11.866	15.22	3.72
109.5	93510	0.3606	12.069	15.58	3.8
106	96370	0.3717	11.909	15.08	3.68
104	130031	0.5015	11.768	14.59	3.61
100	220643	0.851	11.332	14.03	3.47
105	158458	0.6111	11.481	14.73	3.65
103	120052	0.463	11.292	14.45	3.32
102.5	118355	0.4565	11.229	14.38	3.3
102	176550	0.6809	11.136	14.31	3.29
104.5	83191	0.3208	11.235	14.66	3.37
105.5	68764	0.2652	11.239	14.8	3.4
102.5	56294	0.2171	10.938	14.38	3.3
102	173978	0.671	10.906	14.31	3.29
107.5	203625	0.7853	11.487	15.08	3.47
108	140515	0.5419	11.537	15.15	3.48
105	65271	0.2517	11.389	14.73	3.39
104	275224	1.0615	11.303	14.59	3.35
107.5	137436	0.5301	11.506	15.08	3.47
107.5	145519	0.5612	11.4	15.08	3.47
108	150743	0.5814	11.402	14.88	3.48
114.5	306394	1.1817	11.966	15.77	3.69
115	192213	0.7413	12.055	15.84	3.71
112.5	213615	0.8238	11.946	15.5	3.63
117.5	188106	0.7255	12.197	16.18	3.79
118.5	168467	0.6497	12.133	16.32	3.82
120	180860	0.6975	12.26	16.53	3.87
123	180865	0.6975	12.479	16.94	3.97
118.5	160517	0.6191	12.283	16.32	3.82
118	139034	0.5362	12.086	16.25	3.8
120	143073	0.5518	12.253	16.53	3.87
122	139491	0.538	12.459	16.09	3.93
122	128565	0.4958	12.295	16.09	3.93
119.5	188148	0.7256	11.947	15.77	3.85
122.5	112848	0.4352	12.147	16.16	3.54
123	113881	0.4392	12.115	16.23	3.55
124.5	129210	0.4983	12.17	16.42	3.59
125.5	170799	0.6587	12.212	16.56	3.62
135	208542	0.8043	12.849	17.81	3.9
