4.42
4.42
4.42
4.41
4.41
4.41
4.41
4.41
4.34
4.34
4.34
4.34
4.34
4.28
4.18
3.88
3.71
3.71
3.5
3.25
2.87
2.54
2.17
2.13
2.01
2.01
2.01
2.05
2.05
1.99
1.73
1.73
1.73
1.73
1.48
1.48
1.17
1.17
1.17
1.17
1.17
1.17
1.05
1.05
1.05
1.05
1.05
1.05
1.05
1.05
1.05
1.05
1.05
1.05
1.05
1.05
1.05
1.15
1.15
1.15
1.22
1.22
1.29
1.29
1.29
1.29
1.36
1.36
1.43
1.43
1.43
1.5
1.5
1.5
1.5
1.57
1.57
1.57
1.64
1.64
1.64
1.71
1.71
1.71
1.74
1.74
1.74
1.77
1.77
1.97
1.97
1.97
2.03
2.03
2.03
2.09
2.09
2.09
2.09
2.13
2.13
2.15
2.19
2.19
2.17
1.98
1.66
0.91
0.41
0.35
0.35
0.35
0.35
0.35
0.35
0.35
0.35
0.47
0.47
0.47
0.47
0.47
0.47
0.47
0.47
0.58
0.58
0.58
0.58
0.67
0.67
0.67
0.75
0.75
0.75
0.82
0.82
0.82
0.88
0.88
0.88
0.88
0.88
0.88
0.88
0.88
0.88
0.88
0.88
0.88
0.88
0.88
0.88
0.88
0.88
0.88
0.88
0.88
0.88
0.88
0.88
0.88
0.88
0.88
0.88
0.88
0.88
0.88
0.88
0.88
0.88
0.88
0.88
0.88
