3940.35
4696.69
4572.83
3860.66
3400.91
3966.11
3766.99
4206.35
3672.82
3369.63
2597.93
2470.52
2772.73
2151.83
1840.26
2116.24
2110.49
2160.54
2027.13
1805.43
1498.8
1690.2
1930.58
1950.4
1934.03
1731.49
1845.35
1688.23
1615.73
1463.21
1328.26
1314.85
1172.06
1329.75
1478.78
1335.51
1320.91
1337.52
1341.17
1464.31
1595.91
1622.8
1735.02
1810.45
1786.94
1932.21
1960.26
2003.37
2066.15
2029.82
1994.22
1920.15
1986.74
2047.79
1887.36
1838.1
1896.84
1974.99
2096.81
2175.44
2062.41
2051.72
1999.23
1921.65
2068.22
2056.96
2184.83
2152.09
2151.69
2120.3
2232.82
2205.32
2305.82
2281.39
2339.79
2322.57
2178.88
2172.09
2091.47
2183.75
2258.43
2366.71
2431.77
2415.29
2463.93
2416.15
2421.64
2525.09
2604.52
2603.23
2546.27
2596.36
2701.5
2859.12
2660.96
2652.28
2389.86
2271.48
2279.1
2412.8
2522.66
2292.98
2325.55
2367.52
2091.88
1720.95
1535.57
1577.03
1476.42
1377.84
1528.59
1717.3
1774.33
1835.04
1978.5
2009.06
2122.42
2045.11
2144.6
2269.15
2147.35
2238.26
2397.96
2461.19
2257.04
2109.24
2254.7
2114.03
2368.62
2507.41
2498.23
2652.87
2700.08
2782.27
2781.07
2873.54
2835.3
2773.52
2756.38
2579.46
2415.4
2684.41
2620.34
2605.15
2813.84
2966.89
3091.57
3046.36
2827.34
2935.05
2939.52
3066.96
3116.23
2977.23
3010.24
3019.51
3142.13
3160.19
3267.52
3328.79
3455.91
3403.25
3626.37
3589.87
3771.48
3919.71
4059.89
4176.59
4103.88
4308.12
4198.99
4114.56
4242.62
4408.18
