收盤價_TW	成交量_TW	週轉率_TW	本益比_TW	股價淨值比_TW
9744.89	91325	28.6759	84.1	2.93
9435.94	77026	24.1397	86.23	2.86
9854.95	79170	24.6825	86.81	3.03
8777.35	65429	20.3634	77.05	2.7
8939.52	48112	14.8487	74.12	2.8
8265.09	36784	11.0675	34.86	2.42
8114.92	40305	11.8198	34.19	2.38
7616.98	36185	10.2657	32.1	2.24
6185.14	41006	11.4289	25.92	1.83
5544.18	48133	12.9492	21.91	1.61
5256.93	51527	13.9692	19.95	1.53
4739.09	32959	8.9321	17.29	1.36
5936.2	57014	15.4941	22.03	1.73
5674.69	65012	17.7534	21.01	1.67
5797.92	61187	16.6806	21.57	1.71
5381.67	39195	10.6432	19.85	1.57
5048.86	34520	9.3107	18.42	1.49
4883.43	28955	7.6176	23.81	1.43
4352.98	32673	8.3942	21.24	1.27
4509.44	48254	12.2441	21.87	1.32
3636.94	30794	7.506	17.43	1.05
3903.49	43848	10.742	27.11	1.15
4441.12	71807	17.525	29.95	1.31
5551.24	104373	24.8066	62.72	1.6
5872.14	106070	25.8114	68.55	1.73
5696.11	39366	9.2482	66.43	1.68
6167.47	101754	24.0593	68.42	1.85
6065.73	108226	26.1125	67.93	1.82
5675.65	71150	16.8536	58.46	1.71
5153.71	60587	14.3474	197.48	1.52
4940.38	66705	15.4759	171.06	1.46
4764.94	55175	12.1629	177.53	1.42
4191.81	42771	9.333	116.75	1.27
4579.14	73232	16.1207	144.54	1.45
4646.69	84843	18.7977	120.21	1.49
4452.45	80252	17.8404	51.46	1.39
5015.16	113284	25.0889	56.81	1.56
4432.46	54165	11.845	54.45	1.39
4321.22	50488	10.8943	55.51	1.36
4148.07	61914	13.3505	54.5	1.3
4555.9	51673	11.4832	42.9	1.46
4872.15	97139	21.422	34.61	1.51
5318.34	155248	28.2099	38.26	1.68
5650.83	101989	18.3926	40.17	1.77
5611.41	82995	14.8252	39.42	1.76
6045.12	121299	21.6737	33.87	1.92
5771.77	79333	15.6241	32.65	1.84
5890.69	67139	13.0334	26.24	1.83
6375.38	84183	16.7236	28.54	1.98
6750.54	153904	30.3961	29.02	2.09
6522.19	167161	31.9469	28.33	2.02
6117.81	130761	25.0836	26.89	1.91
5977.84	84575	15.6421	25.54	1.86
5839.44	68162	12.3571	16.15	1.66
5420.57	56302	9.9114	14.88	1.53
5765.54	57480	10.5122	15.81	1.64
5845.69	80745	14.9281	15.91	1.66
5705.93	76859	14.4071	13.37	1.63
5844.76	68653	12.8104	13.66	1.68
6139.69	70464	11.7393	13.24	1.7
5994.23	61253	9.875	13.05	1.66
6207.83	48442	8.3848	13.61	1.75
6005.88	72958	12.4937	13.23	1.7
5818.07	51618	8.6381	12.82	1.65
6011.56	54858	9.1863	13.25	1.7
6241.94	83455	14.6709	14.98	1.67
6311.98	76705	13.0297	15.16	1.69
6033.47	67143	10.4004	14.45	1.63
6118.61	55620	8.341	14.69	1.65
5764.3	58917	8.8328	15.71	1.62
6203.47	68645	10.0993	16.93	1.75
6548.34	92101	14.1232	17.99	1.76
6532.18	79106	12.0077	17.98	1.75
6561.63	54903	8.5548	17.97	1.77
6613.97	60603	9.5844	18.24	1.78
7171.77	80042	13.1228	19.6	1.94
6846.95	97546	16.5569	18.7	1.86
6704.41	68741	10.4396	18.27	1.66
6454.58	56570	7.7592	17.73	1.59
6611.77	64185	8.6679	18.19	1.63
6883.05	58871	8.1246	18.38	1.71
7021.32	69572	10.0367	17.72	1.83
7567.72	99843	14.9552	18.97	1.97
7823.72	100691	15.2135	20.01	1.98
7699.64	97075	14.1158	19.72	1.95
7901.96	38556	5.5071	20.16	2
7884.41	88087	13.1654	20.06	2.01
7875.42	84888	12.7153	20.18	2.02
8144.95	73360	10.736	20.68	2.08
8883.21	100699	15.0227	20.99	2.05
9287.25	176157	26.1677	21.99	2.15
8982.16	118550	16.3099	21.29	2.08
9476.52	83249	11.3758	21.95	2.22
9711.37	116497	14.8658	19.92	2.34
8586.4	101552	12.1435	17.64	2.08
8506.28	82535	9.4884	16.02	1.96
7521.13	111293	14.0735	14.23	1.74
8412.76	67344	8.6871	15.9	1.92
8572.59	119726	15.6858	16.21	1.95
8919.92	120457	15.3726	16.8	2.04
8619.08	110685	13.6003	16.14	1.98
7523.54	82626	9.1362	13.02	1.66
7024.06	93175	11.2979	12.17	1.55
7046.11	79259	9.2843	12.16	1.56
5719.28	81720	10.5609	9.9	1.27
4870.66	67477	9.1249	8.69	1.17
4460.49	68970	9.4914	7.93	1.07
4591.22	87825	12.164	9.47	1.09
4247.97	46110	6.5862	8.75	1.01
4557.15	65251	9.8668	9.4	1.08
5210.84	117342	18.8588	10.53	1.21
5992.57	150439	24.5169	12.12	1.4
6890.44	141280	23.2396	13.86	1.61
6432.16	109065	17.5973	41.5	1.54
7077.71	111493	17.7255	45.42	1.7
6825.95	79139	12.4353	42.64	1.64
7509.17	93097	14.5301	45.06	1.81
7340.08	99914	15.4854	71.58	1.8
7582.21	81761	12.4369	92.73	1.86
8188.11	103512	15.5969	82.51	1.91
7640.44	106406	16.0769	86.83	1.82
7436.1	47227	6.651	85.17	1.77
7920.06	80928	11.5696	74.07	1.92
8004.25	91213	12.937	66.9	1.91
7373.98	73264	10.0946	54.41	1.78
7329.37	62760	8.4054	16.57	1.61
7760.63	84653	11.2777	17.55	1.71
7616.28	105324	14.2266	17.22	1.68
8237.78	94408	12.1599	18.65	1.82
8287.09	90551	11.363	15.91	1.91
8372.48	86839	10.4715	16.38	1.92
8972.5	121542	15.0402	16.41	1.96
9145.35	106176	12.8643	16.79	2
8599.65	69519	8.1555	15.76	1.88
8683.3	98685	11.0126	15.77	1.9
9007.87	77896	8.6881	16.36	1.97
8988.84	78517	8.469	16.35	1.96
8652.59	71798	7.5912	16.15	1.8
8644.18	85935	9.1667	16.17	1.8
7741.36	105806	11.9867	14.52	1.61
7225.38	76726	8.8917	13.24	1.49
7587.69	62938	7.2325	15.19	1.65
6904.12	73913	8.3757	13.84	1.52
7072.08	61016	6.8027	16.14	1.54
7517.08	51122	6.0903	17.15	1.64
8121.44	100034	12.0877	18.52	1.78
7933	81366	9.4536	18.11	1.74
7501.72	56684	5.9151	17.08	1.64
7301.5	61430	6.4022	16.42	1.6
7296.28	51506	5.3975	21.76	1.53
7270.49	56429	5.9189	21.68	1.53
7397.06	64027	6.708	22.12	1.56
7715.16	69464	7.5206	22.87	1.63
7166.05	58222	5.7977	23.2	1.58
7580.17	65497	6.1942	24.01	1.68
7699.5	75890	7.5603	23.42	1.65
7850.02	78969	7.8676	23.79	1.69
7897.98	45500	4.7876	23.9	1.7
7918.61	72596	7.1881	24	1.71
8093.66	67493	6.3883	24.59	1.74
8254.8	91310	8.7622	25.09	1.78
8062.21	72913	6.6801	19.47	1.55
8107.94	88902	7.9347	19.64	1.56
8021.89	75747	6.6429	19.45	1.55
8173.87	71592	6.4471	19.82	1.58
8450.06	85556	7.73	18.97	1.68
8406.83	78372	6.7174	19.08	1.67
8611.51	78864	6.6327	17.11	1.65
8462.57	83226	7.2489	16.74	1.62
8639.58	73859	6.1698	18.45	1.67
8849.28	93964	7.6829	18.87	1.71
8791.44	100021	7.4808	18.58	1.71
9075.91	96979	7.0322	19.51	1.76
9393.07	101664	7.6875	17.48	1.66
