1288904.9	119294	17282
1264838.89	120104	17971
1334263.8	132816	20556
1392162.71	140820	23711
1373233.69	137907	24446
1428852.59	143964	26621
1441432.95	147520	27312
1423888.47	144932	27291
1431866.7	143731	26838
1450310.11	145091	27486
1535789.69	155073	30176
1565659.07	159984	30929
1583622.33	158409	29076
1537314.55	150197	28886
1584701.58	153569	28821
1653642.16	155986	28789
1626528.3	153996	29427
1646824.11	157755	30509
1608356.74	149423	29586
1590821.7	145226	28798
1532298.59	138307	27940
1540569.91	142938	29185
1559952.87	146018	30386
1568713.28	148197	31649
1634703.44	153755	32864
1588760.3	149632	31055
1665459.85	154621	33216
1649972.65	152491	33117
1623210.57	148892	32111
1627878.31	147421	31666
1629996.23	143210	30797
1567825.91	136082	28610
1551833.45	135532	28330
1540418.62	137262	28006
1538562.71	136828	26133
1471457.38	131193	24539
1463088.88	131106	24280
1488042.83	135974	24776
1512757.57	137487	24436
1565140.44	143768	24900
1542311.59	143398	25353
1525726.71	141210	26034
1492380.66	138954	25933
1505975.9	139516	26752
1524747.41	143453	27730
1546994.93	147735	30478
1548514.13	148124	30615
1520597.9	142855	29296
1515049.17	143546	29047
1503309.15	142379	28871
1537147.84	147857	30186
1573297.87	151792	32115
1591446.19	156335	33481
1587899.33	156778	33088
1571418.06	155518	32790
1567324.95	156090	32788
1562710.21	154701	32230
1504885.64	147769	30043
1456617.12	143451	28113
1429343.67	141895	27763
1461717.91	147012	27810
1428985.13	145427	27121
1406437.01	142175	26570
1442009.85	144482	26542
1475723.52	148346	27920
1463982.51	146941	28651
1449090.22	143550	27932
1449197.77	143478	27870
1474845.19	147900	28762
1541002.36	153243	29888
1545176.26	154375	30477
1543638.64	155018	30552
1528698.65	154072	30495
1503744.62	150166	29665
1514134.27	147455	29143
1485062.5	143064	28449
1506334.93	138901	27570
1528135.79	137015	26689
1552475.28	140341	27697
1498130.91	133435	26074
1504425.88	131213	25664
1498927.74	128803	24958
1513756.41	129807	25551
1482731.23	125076	24685
1514387.48	128318	25473
1496168.37	128119	24978
1471726.95	127886	24696
1451060.71	124410	24112
1471065.12	126116	24488
1477698.36	125029	24202
1448887.7	121586	23414
1469726.59	121972	23572
1536742.14	129048	25191
1537388.95	132798	26076
1530875.13	131375	25945
1507698.19	128697	25435
1513681.88	129784	25411
1491408.41	130009	25281
1484781.2	129529	25718
1474394.38	128293	25506
1474294.47	126761	25243
1492492.28	128970	25637
1540240	135429	26623
1532627.41	134519	25539
1572961.48	137402	25835
1598213.27	138877	26388
1590497.66	140163	26909
1558186.87	140013	26685
1529838.04	135513	25986
1541965.81	136168	25902
1509123.13	133321	25212
1501394.95	132214	25312
1494687.34	131847	25349
1463102	131028	24969
1452279.34	129768	24485
1282481.92	124391	23647
1301415.66	126426	23844
1274467.71	127213	23767
1305633.64	131174	25670
1312976.99	130914	25518
1307448.82	129075	25068
1284241.46	126273	24313
1276931.08	126210	24096
1263671.76	128096	24270
1240507.8	127693	24381
1236090.79	125764	24068
1227433.84	124704	23578
1251792.91	128557	24111
1200061.1	125356	23037
1178075.28	123879	22172
1169228.99	124614	22336
1136572.6	120787	21410
1125275.82	120875	20856
1130379.66	120471	21075
1109010.95	115704	20523
1082348.94	112396	20090
1110204.13	116739	20817
1149496.03	124224	22147
1186597.93	124884	22384
1225625.43	126989	21853
1244120.79	124715	21254
1282911.36	129298	22184
1288461.09	131723	22777
1270492.52	129135	22375
1246676.73	127837	22143
1273382.5	130426	22982
1249613.63	129670	22914
1267084.17	127604	22769
1270705.35	127173	23418
1297289.89	129107	23789
1304043.05	131979	24521
1311611.67	133151	24966
1376378.52	131598	24651
1350894.48	130035	24026
1359800.97	130252	24140
1346582.49	126572	23335
1495725.7	124249	23004
1439151.59	118333	21764
1483678.26	119795	22054
1471288.1	118503	22023
1507501.64	122136	23169
1490713.33	121384	23391
1494689.73	120028	22132
1475883.09	118548	21876
1504543.76	121659	21954
1479749.74	118822	21159
1449090.34	113781	20016
1446220.69	111957	19819
1451218.63	111082	19766
1421302.98	107164	19095
1341342.56	100328	18171
1267008.17	94013	17386
1249858.89	102464	17768
1216971.3	100164	17560
1181049.5	96831	17107
1127930.79	98022	17038
1112846.46	99108	16730
1146357.62	104509	17196
1118906.94	103794	17205
1136205.25	105504	19164
1089747.99	99701	18256
1070524.25	96413	17862
1085682.6	97872	18056
1132034.47	100704	18315
1117526.15	99011	17864
1167680.05	102368	18042
1235508.43	108403	18582
1269803.68	108925	18323
1240275.85	105721	18037
1274918.94	107769	18478
1298364.48	108114	18807
1300558.97	107550	18681
1305359.81	109158	19289
1312560.84	111668	19835
1306087.66	110510	19841
1371909.03	114051	20167
1389278.51	115636	20641
1398022.16	117265	20692
1430617.23	116986	20359
1356655.67	110971	19619
1341426.55	109988	19411
1354748.9	112804	19456
1387856.54	116496	20364
1426902.25	120579	21147
1437364.71	120422	21051
1472066.8	122447	21296
1473589.66	120818	21287
1473126.81	119938	21179
1480267.77	121583	21744
1466821.47	119712	22019
1546179.87	126171	22584
1600348.08	131522	23243
1642722.06	131662	23784
1688524.12	134482	24429
1626559.91	128053	23599
1657835.14	130180	23830
1615067.38	125975	22631
1640812.1	129793	23052
1674192.01	135686	24796
1696219.75	135790	24600
1656738.28	131412	23738
1649718.62	132326	23936
1649817.71	133643	24018
1731932.89	140877	25368
1773303.68	145525	26482
1865810.66	148926	26744
1987265.55	156673	28921
2017827.47	158100	29942
1957649.73	153734	29775
1960247.64	154111	28938
2055555.9	163850	31946
1983883.87	161032	30726
1981987.8	163694	31127
1932490.9	157087	30721
1912534.07	150589	28309
1880437.96	147977	25659
1911753.11	152502	26000
1816985.74	148092	24159
1843506.27	150848	25185
1909893.53	159370	27868
1903053.23	162564	29575
1887413.32	157987	29129
1919752.79	159719	28902
1982432.49	165850	27147
1983347.76	168884	29941
1961390.71	164035	30181
2038141.02	168051	32765
2121975.15	177346	35830
2108169.51	180304	37180
2127428.93	182112	37868
2114765.61	181819	37002
2027168.27	171353	33976
2013132.34	169459	32382
2002489.8	171338	31472
1951372.71	168486	30481
1953488.27	168734	30204
1957032.51	171855	30167
2073390.23	182840	33471
2068214.09	188498	34623
2055417.09	185324	35513
2066472.09	186568	35230
2112238.6	190173	36476
2125081.63	189825	36975
2060223.18	184253	35217
2019821.43	184306	34967
2046142.98	182183	34529
2030290.44	181896	35183
2035459.53	181710	35146
2028875.31	182119	35388
2094078.73	189827	37806
2109615.56	192448	37912
2061448.73	186108	36037
1986559.89	176982	32867
1983918.58	173047	31085
1971166.17	168217	29810
1941824.65	162908	28362
1926668.21	166498	27470
1998608.67	177812	30609
2000018.4	176275	30916
2098729.5	184382	33544
2172768.05	189752	34773
2244969.71	193416	37669
2229342.8	189619	37298
2202826.21	185207	37867
2302246.24	190846	42631
2258632.24	189229	44312
2233580.59	185989	44335
2224315.13	186095	44319
2160938.79	182012	42113
2175655.44	182240	41699
2157051.1	177967	40049
2237853.01	184409	40951
2212791.56	185059	41343
2250435.33	189326	43094
2271836.38	191182	45247
2266802.18	193040	47166
2220911.37	184655	43144
2268428.67	186062	42448
2265976.47	184832	38731
2264007.4	188134	39064
2289272.81	190141	39848
2292010.67	187946	40790
2242537.51	180042	38887
2222553.21	176374	38328
2197376.17	171939	36931
2179187.8	173286	36865
2181841.94	176260	36911
2231048.23	182358	37803
2226184.87	182613	38496
2255859.07	182559	39044
2344048.07	183664	40669
2353490.94	180211	40443
2350049.9	178623	41764
2343184.74	178745	42381
2325513.39	176466	42359
2342630.89	177410	43271
2286191.99	172323	41834
2275661.62	170823	41341
2224821.53	167433	40253
2174777.06	166976	38920
2111238.18	160072	36383
2125824.22	163046	35616
2023511.04	155946	33124
2035354.56	159320	32955
2051535.6	158185	32063
2079372.84	156665	31992
2102282.73	159931	32440
2075229.82	157837	32454
2098850.69	158272	32387
2171410.32	165642	33580
2138202.17	160600	32946
2138100.12	156718	31018
2075358.12	149646	28683
2038273.35	143768	27579
2076452.03	147056	28250
2068200.92	146673	28702
2109245.58	153134	29814
2104061.9	154671	30342
2081157.41	153398	30380
2058474.48	150277	30307
2093853.08	150727	31531
2061366.54	152728	33997
2033888.39	147564	33225
1990717.76	145987	32911
2007497.52	148255	33474
1990791.08	148582	33852
1896833.89	143000	32481
1910460.17	145814	33050
1878186.14	141273	31984
1854555.29	141053	32057
1919080.13	148778	34093
1920592.19	151612	34714
1898323.44	152129	35070
1916087.25	152685	34473
1814000.68	145517	32298
1815638.82	145743	32091
1825455.76	146560	32358
1805243.36	142074	31642
1806270.42	136798	30694
1734461.11	129727	28075
1710353.54	128839	27155
1743880.44	134463	30579
1694598.43	128387	29105
1697486.83	128136	29293
1688258.41	132079	29922
1714136.4	136862	30765
1772239.92	142991	31780
1835833.5	148950	33115
1836712.27	149401	33106
1801081.42	143028	32308
1757240.95	141335	32237
1839958.22	152256	34005
1823568.1	154562	34265
1800468.41	151110	33641
1764065.25	148579	33045
1741223.96	149576	32977
1690540.99	147360	32213
1650957.13	143052	30755
1676644.92	147966	31286
1616359.39	146401	30117
1609636.45	147965	29770
1533306.5	140228	28376
1497238.44	143328	28489
1546741.69	150105	29537
1520166.16	149554	29340
1501830.97	147917	29315
1495921.14	149019	29385
1386612.36	139096	27264
1368314.01	139343	26465
1500335.98	146105	26931
1493894.04	149206	27350
1546641.88	155285	28838
1541129.13	156241	30341
1531823.73	156045	30424
1553745.46	160102	31869
1583327.92	161886	33302
1583795.43	161131	33822
1578537.01	159164	33839
1606313.56	159576	34332
1587680.91	159607	34129
1608602.19	165412	35625
1619517.56	166111	35421
1635587.36	178275	35536
1602321.47	175045	35328
1573447.87	169636	34217
1572273.66	170639	34487
1560243.15	169197	39734
1538967.25	163940	38208
1553736.83	162284	37136
1532585.83	161256	35927
1510877.79	156673	34582
1533299.76	159401	34867
1578880.94	168115	35352
1581246.9	168233	35144
1571967.4	168412	34957
1538628.16	166551	34585
1500431.38	160277	33692
1565071.83	167037	35387
1490460.43	162539	34047
1487605.55	162457	34038
1445707.3	159888	33199
1406910.15	154080	32259
1392296.25	150609	31384
1368589.49	146107	30184
1388433	149111	30387
1378864.14	148591	29701
1368298.12	149232	25293
1350616.32	147628	24786
1353963.25	148217	24747
1312485.06	143357	23928
1308869.98	141104	23661
1251978.88	134419	22552
1261232.56	137546	22673
1260912.77	136386	22497
1226545.86	132232	21728
1270309.48	133793	21851
1345588.54	144179	23651
1394722.14	149146	24788
1413793.69	153753	25665
1489903.54	160750	27345
1485474.37	161438	28209
1447981.53	156786	28105
1521279.49	166713	30542
1519703.91	168426	31287
1527306.91	166380	31872
1536340.44	165327	32430
1526247.64	162818	31004
1500547.37	160823	29705
1526921	165898	28845
1491215.7	161240	28104
1532740.71	161560	28921
1537451.93	161124	28685
1614620.42	170265	30725
1638483.04	173091	30810
1646493.1	175356	31357
1573016.7	167445	29849
1572183.1	168074	30443
1570263.62	167938	30117
1566135.64	167771	29859
1621506.18	172722	32058
1609906.83	171851	33162
1595478.27	168949	32351
1558632.43	163298	31244
1551406.12	159850	30736
1621220.03	166478	32352
1644672.24	167263	32733
1621809.64	164750	32663
1605460.81	162028	31859
1607426.76	161241	31479
1618151.49	164092	31927
1647350.97	166076	32429
1694538.63	171713	34580
1667318.64	170333	34321
1675704.89	170201	35164
1662666.29	171808	35933
1688502.22	175827	37575
1642729.31	171873	37055
1622447.58	168846	36578
1610151.92	167512	35116
1587975.87	163749	33970
1574208.21	164260	33599
1568423.96	161499	32520
1549779.07	160668	32056
1532617.61	163738	33051
1544856.62	164936	33649
1530777.42	165194	33865
1522914.91	162687	33494
1510962.25	158793	32392
1553688.24	160472	32519
1540861.51	160216	32423
1495623.5	156373	31235
1485177.52	157613	30939
1501395.96	159684	31767
1548026.67	165392	34188
1563999.48	168764	36020
1573970.4	170930	37769
1616593.5	176059	40679
1599786.15	174003	40921
1620919.27	175521	41592
1691085.86	182581	43703
1696186.88	184446	44367
1700357.95	185913	44343
1660537.8	180003	42950
1655181.51	177650	41122
1652690.61	180181	41780
1648364.57	179180	41666
1651666.13	179690	42304
1687344.71	180437	44018
1673255.84	177185	44110
1652128.17	172467	42494
1652304.09	176177	40618
1568918.56	172641	39023
1522221.84	169452	37238
1495966.44	165571	36104
1497145.06	162886	35159
1488346.4	163876	34853
1446059.89	158613	33571
1445995.99	156610	33405
1521679.71	165057	36002
1491291	161463	35196
1489838.96	159214	34405
1502068.14	158382	33615
1509049.18	157955	32680
1531863.88	160058	32943
1470601.8	154523	31357
1468326.6	154589	30781
1457625.43	153717	30952
1495965.23	157174	31246
1485040.7	157697	31079
1449802.52	153981	29794
1442952.74	151042	28879
1435182.02	147993	27933
1434048.33	145913	27556
1417694.02	144228	26943
1439399.6	146815	27387
1460433.37	150273	28109
1511093.26	154881	28616
1472314.22	150959	27659
1555093.49	158487	29605
1564283.9	157421	29551
1599544.97	160795	30081
1595539.81	160535	29840
1593613.98	159327	29587
1558031.27	156821	29243
1560104.91	155883	28939
1553186.85	156125	28932
1539843.92	154473	28642
1474148.08	148344	28445
1474775.46	147669	28003
1473064.75	146039	27335
1493210.67	148344	27452
1543931.53	153699	28778
1575287.89	158344	29819
1564536.85	157356	29708
1550248.37	157085	29247
1549160	157506	29577
1552340.67	157006	29558
1520125.64	153502	28804
1536326.64	153658	28821
1592212.39	158035	30374
1577528.56	156222	30016
1616558.61	160635	31639
1620545.36	159330	31843
1587413.97	155959	31385
1604472.33	156620	31415
1543046.19	146109	28525
1480914.44	138346	27007
1451284.25	135800	26132
1486895.94	139006	26592
1499700.31	135485	26165
1520595.2	135560	26622
1526970.01	137114	26580
1531285.96	138514	26665
1548144.78	140445	26880
1518693.35	137169	26226
1542335.98	139087	26435
1560549.58	139375	26773
1595021.39	143647	27328
1602018.81	145131	27201
1603646.94	144691	26873
1589200.75	143231	26426
1580827.86	141361	26068
1572939.46	141165	25906
1563128.37	139299	25440
1580891.98	142082	25611
1614447.73	146966	26371
1653128.32	153719	28089
1648389.17	153939	28781
1670717.56	155744	29239
1716903.27	156460	29378
1731307.06	160612	30142
1802436.07	166996	32367
1797554.43	166585	32169
1827721.06	168130	32617
1836604.99	167872	33037
1870377.19	171363	34417
1859661.27	172006	35151
1848163.62	170784	34590
1890523.93	173472	36044
1884564.63	172890	35976
1876864.9	172502	35709
1927261.98	173925	37913
1950769.6	175494	39143
1969813.7	178126	39346
1944781.46	173487	37846
1914387.52	168548	36848
1900815.2	168211	37020
1913874.38	169441	37798
1903274.55	167894	38157
1902967.53	166594	37677
1896796.25	169626	32802
1949677.83	176448	36874
1987474.03	180959	40279
2073463.43	178338	41462
2100738.28	180536	42466
2134280.42	185942	44911
2169736.2	188004	45331
2152919.1	185413	44670
2100537.57	181908	43710
2085242.34	182966	43048
2142520.54	189184	45255
2132382.15	189502	44886
2162362.4	194333	46834
2110715.06	188418	44363
2106610.1	186284	43317
2078881.66	182148	42242
2089621.3	184985	42854
2115420.4	186855	44357
2166205.4	193759	47323
2158444.24	195591	48406
2193597.31	195247	49870
2148627.09	188354	46817
2138386.21	186939	46113
2152995.01	187135	40190
2187991.07	192477	41529
2178803.92	193714	41054
2123367	188263	38726
2105345.97	186858	37665
2092467.45	189082	37914
2075306.48	189198	37829
2062179.09	189230	37822
2079020.65	191844	38676
2164831.55	199484	42463
2142374.44	198521	42410
2203458.23	201300	43576
2268976.15	201494	43902
2276215.34	200962	44119
2297812.23	201341	44852
2353341.19	204993	45552
2366119.28	206788	47165
2394874.15	210644	48024
2352716.51	203080	45281
2370493.03	200022	44760
2392301	197577	43917
2458166.34	205100	43279
2487368.24	205921	45292
2499291.64	207162	47067
2495639.74	204858	46169
2497764.8	200938	44832
2530375.19	202368	43980
2605706.73	206335	45339
2604621.77	206548	44632
2578683.04	204586	42282
2599073.7	204797	42554
2576246.45	204598	42504
2641391.78	205676	43195
2671392.33	208195	43967
2664530.57	209391	44531
2656700.78	210013	46709
2615407.08	203252	44842
2625887.44	202012	45397
2652053.22	202497	46190
2637790.2	199843	46693
2620516.86	198918	46433
2623040.11	198035	45718
2660556.71	221285	40115
2651976.92	219249	39090
2726083.23	225417	41570
2761949.96	228383	43190
2826413.69	232974	44400
2829756.03	233101	44799
2834092.71	230026	44265
2851234.32	231027	45380
2905562.22	235681	47099
2890196.27	235230	46884
2891418.04	234540	45322
2961069.65	240615	47333
2962778.1	242156	47308
2978487.51	242822	47721
2965074.31	241400	46392
2952544.07	241547	45752
2897135.62	237564	45925
2876504.79	235670	45091
2899939.08	237384	45861
2980932.25	242477	47264
3013619.23	243996	47436
3023577.21	242930	47622
2974013.25	239116	41751
2994922.89	241561	43098
3027409.17	243628	43991
3052532.9	244408	44005
3004482.11	238628	40150
3029449.98	242157	40943
3019963.46	242850	41071
2973843.08	241247	41161
2960627.76	239246	40330
2992602.14	241100	41289
2997550.15	241592	41339
2940573.33	236909	40142
2939667.15	232510	40279
2897855.71	228390	38611
2856557.81	227259	38552
2847654.45	227180	39048
2836239.45	228145	39694
2870814.14	230056	41558
2868980.4	230887	41842
2792076.62	227067	41046
2807672.44	228036	42993
2850352.19	232870	45401
2895644.17	236048	46673
2887399.97	234776	46059
2911225.26	235537	46147
2888197.49	234752	46737
2874521.06	232536	46450
2884734.57	232346	47207
2839503.01	230125	47273
2872378.87	232307	48631
2864769.12	233759	49789
2904352.18	236743	51094
2876907.73	236477	51932
2802271.57	230090	49634
2809002.83	230225	49524
2803669.14	230019	48772
2850074.07	233856	49783
2862102.43	234133	49399
2857536.19	234560	50247
2860161.85	233041	50691
2860702.66	233106	50809
2841698.26	230461	48850
2886382.99	233540	49006
2900402.25	245152	46210
2982146.36	252830	52931
3020499.23	258813	56932
3034106.46	259475	58238
3039561.08	260090	57929
3054516.33	260014	58262
3118874.84	262830	60488
3130613.13	261300	60630
3128086.46	259003	59950
3160524.78	261661	61981
3159756.95	260109	62016
3153532.9	260382	62802
3227394.42	265512	63428
3230199.37	264244	62560
3192502.18	259045	58614
3204824.08	261198	56277
3163274.33	258205	54988
3118343.57	253364	52392
3103948.01	253685	52280
3103690.71	253614	52728
3142288.05	256119	54451
3205356.73	258549	56892
3193750.24	257646	58955
3180296.35	254649	58981
3202250.77	254477	58335
3235501.62	256351	61176
3212581.35	256628	63489
3218542.32	257965	65131
3242389.66	259588	65152
3285051.15	263340	66587
3283240.2	263474	66579
3262664.26	263476	66860
3218712.17	260545	65457
3241483.47	265240	66627
3283970.53	266671	66607
3304968.07	268712	59512
3385730.85	274376	65529
3459751.21	276874	69994
3410706.75	275332	71375
3460564.93	278527	73962
3447455.73	275068	71518
3436738.52	271694	69005
3455630.43	273759	69733
3382293.46	269900	67919
3378612	269834	67465
3311434.5	267899	66546
3236339.08	260645	59132
3198693.72	259082	57705
3196206.84	261290	58789
3294679.65	272407	66951
3326800.57	274915	69766
3114459.05	254346	63340
2992970.79	238442	52140
3057015.78	238265	49187
3025405.52	235417	48674
3032186.98	235725	46338
3187458.36	249889	52017
3169210.16	252204	53784
3170745.76	255820	55565
3149761.06	256694	56293
3149340.71	255829	57332
3233647.43	263394	61086
3221618.14	259796	59893
3241478.26	258946	59547
3252713.87	260323	61074
3218788.89	257890	59297
3287149.71	265153	64172
3281970.51	264903	65068
3343309.22	269245	68139
3270351.4	263027	65878
3301247.64	267853	68115
3266437.03	266979	67021
3288464.97	266555	66837
3286910.51	267957	67332
3275374.41	263885	65149
3307220.02	265192	64767
3296396.32	266093	64510
3262715.07	261460	60506
3216698.81	257698	58196
3125686.97	251172	51438
2957508.22	240713	44752
2930166.42	235087	42003
2999486.23	242649	44975
2827701.74	227649	38474
2843944.02	229458	39085
2899266.13	235458	41852
2783041.6	227901	39107
2822432.62	226541	38917
2855084.95	231347	41290
2831585.55	228372	40067
2751115.21	221332	36885
2596970.49	207775	31514
2622694.05	210362	31936
2765494.49	224013	37173
2741224.02	222605	37241
2795713.56	229749	41684
2781789.81	230708	41854
2794290.79	232520	41878
2837299.72	235235	43664
2845623.01	234480	43460
2908823.1	236921	45221
2820268.3	227456	45027
2831098.94	225997	42088
2772830.53	220848	39625
2667834.63	211037	35505
2691804.42	210406	34555
2798796.28	219814	37699
2835415.73	223500	39429
2813783.15	224037	39697
2736367.94	218995	38992
2653853.63	212549	37096
2513687.81	205253	34111
2532721.11	207642	33862
2509438.93	204235	32868
2573752.83	209337	33592
2521117.43	205578	32707
2521885.06	202644	32241
2597860.78	209767	34500
2613848.97	215002	35751
2632947.34	217591	36237
2591950.58	212146	34413
2607817.25	212067	34277
2675129.04	222957	38815
2672471.03	223163	39488
2604799.05	217399	37816
2557140.5	210744	35825
2594698.64	212531	36634
2579128.24	212708	36444
2590467.72	213336	36351
2622179.76	216887	37358
2598384.71	216630	37428
2551926.8	213833	37070
2533185.78	210419	35697
2482584.75	204663	33570
2462412.71	202056	32917
2465583.29	201523	32632
2401091.38	194044	30519
2536654.89	197768	32031
2522445.85	197786	32417
2513205.68	198085	32415
2481630.9	196626	32263
2527226.41	199336	32839
2520869.36	199318	32155
2486444.08	199002	31515
2537664.3	202084	35794
2498091.69	199138	34596
2520152.91	200174	34098
2503868.49	198454	33152
2569433.43	204052	34600
2548431.17	205747	34991
2527832.15	205845	34933
2519958.51	205134	34797
2513911.96	204221	33891
2503357.05	204357	33888
2513291.57	206005	34063
2488008.5	204714	33680
2488456.26	205362	33333
2550203.6	211238	34551
2647297.75	221797	38030
2653462.75	225398	39337
2664337.32	228755	40159
2746276.1	236410	41803
2738786.9	235056	41004
2717926.27	234331	40641
2709058.78	234105	40361
2752706.87	237640	41946
2738229.79	238635	42358
2674574.46	234263	42428
2678495.56	234861	42921
2756557.53	239778	45837
2747542.24	242317	46879
2738234.95	242613	46401
2754718.48	243232	46559
2812719.44	247399	48151
2809716.41	246904	47078
2788066.2	243932	45951
2796246.18	245155	46330
2767840.57	243552	43460
2796230.27	246246	43275
2849112.2	251013	43235
2853231.7	254551	43415
2833144.49	253895	43030
2794976.42	252160	42257
2766936.32	250389	41752
2750521.2	247795	41017
2782510.88	247949	44205
2840355.51	253149	46278
2917771.79	261701	51658
2920273.86	262893	53320
2925683.08	262574	53061
2949491.7	263100	54871
2934497.9	263075	55097
2919205.83	262120	55076
2871231.7	256800	52893
2861190.91	255700	52752
2811048.83	247294	48864
2799839.63	245401	47460
2780901.57	241120	46629
2810284.94	240924	45729
2792991.67	239494	45162
2819772.93	240942	45745
2809408.54	238829	44581
2753300.68	232482	43256
2748788.77	231631	43139
2778151.09	234722	43454
2814507.53	233813	45086
2799472.45	231584	44835
2860342.96	236994	45794
2939145.43	241928	46338
2953380.45	243326	46587
3003770.63	246252	49198
3019708.91	253851	50074
3027968.7	253700	50352
3030276.04	253061	50553
2984231.17	249527	51123
3015806.52	251392	52308
3029798.46	250189	51569
3046597.21	249436	50946
3119857.45	255819	53261
3146860.06	257975	53796
3138318.6	256976	54329
3016833.3	247682	49005
3023574.86	248075	48600
3054946.15	251264	48882
3030772.22	248374	47433
2991830.03	244523	46477
2993989.27	243681	45838
3027686.43	245787	49167
2988910.37	244798	48457
3038059.35	247483	48839
3061444.29	248755	49722
3064505.72	250514	50429
3065601.68	250584	50802
3043425.71	247659	50463
3045114.43	247141	50498
3033961.59	245565	50007
3011568	243940	49237
3029576.22	245646	49588
3092005.65	252374	54379
3111106.72	254915	55317
3118465.17	254255	55393
3119906.48	252762	53584
3121509.61	253051	53719
3132016.82	254338	54656
3136173.85	253787	54954
3143965.56	255326	55863
3127268.66	253329	55506
3143802.34	253477	55724
3195443.06	259115	58308
3210024.01	260014	57549
3236415.76	257004	57638
3235530.41	256415	58554
3177428.53	251502	57081
3123926.52	248443	55106
3118705.99	247603	54038
3093401.14	244322	51652
3110977.16	244483	50629
3128441.79	246328	51399
3077994.82	241960	49268
3057649.07	241354	48088
3068936.15	242904	49059
3121231.92	245611	49953
3115855.36	245953	50572
3091452.94	244424	50307
3083852.8	244325	50644
3060203.74	242160	50400
3022269.94	238104	48743
3032702	237538	48941
3077348.42	240003	49243
3085240.23	240477	49053
3107187.27	243556	50692
3184990.91	250280	54828
3201892.61	249189	54361
3246199.8	250099	55828
3263013.84	251124	57235
3340279.46	254195	57661
3372638.95	254730	57512
3375554.21	254589	57960
3328803.44	250280	56980
3365571.19	252228	58187
3382278.13	253922	58028
3367501.46	251232	57016
3377989.8	251502	57061
3388220.46	251267	57166
3458271.24	253515	65144
3487591.86	257431	66779
3478611.36	255444	65780
3453958.13	253861	65343
3440829.66	253150	65758
3463145.94	256027	67290
3455951.92	255042	65234
3485213.86	256897	65629
3462651.49	254651	65119
3476263.34	255048	65286
3439073.22	252722	65583
3384739.98	245441	63967
3391560.44	244392	63655
3342775.98	243609	63372
3338007.76	246982	63509
3343582.81	249441	63655
3321417.51	246904	62532
3311258.09	246676	63135
3310178.05	245915	62942
3347229.01	247581	64244
3338112.33	246592	63503
3296110.17	240545	61933
3286962.82	238986	62812
3320791.56	243494	59242
3336198.76	244160	60661
3328168.93	243532	61218
3320198.64	243409	61128
3301838.78	242431	60347
3339097.01	244262	61106
3322816.03	241405	60652
3353242.05	241372	61289
3351623.64	241453	61458
3329938.63	241700	61512
3285221.34	237822	60843
3192481.61	229589	59050
3200141.54	233092	58880
3178969.09	228816	57221
3178574.81	230510	57381
3197956.5	233452	57409
3206018.85	234940	57510
3239828.48	237834	57719
3241345.07	236920	57398
3285289.48	239830	58114
3260460.39	238545	53931
3279840.28	239594	54463
3283762.69	238486	54338
3356395.02	245130	56672
3395744	249773	57221
3404855.25	250868	57023
3401163.88	248289	56283
3376703.57	245448	56493
3398683.67	243483	55792
3438436.85	244314	57811
3426828.9	239734	56511
3412121.18	238403	55653
3417774.52	237743	55579
3497669.87	243272	56683
3488978.37	242361	56124
3439067.34	237850	54361
3477857.85	236731	53518
3497949.19	234319	52077
3530592.51	235345	51880
3582466.19	239066	52623
3598381.21	238257	52767
3609760.17	237870	51829
3654454.57	234832	51335
3699696.57	236866	52938
3742035.99	239050	55270
3754187.34	238704	56121
3742966.14	236921	56312
3765662.96	241052	57914
3767299.1	241138	58199
3806570.66	243361	59826
3790784.87	244229	59828
3784429.23	242433	59509
3822166.05	244794	60125
3852643.96	245890	60926
3880427.44	245606	61813
3886123.58	244668	61495
3864705.67	242251	61938
3952147.9	244434	63544
3971198.3	244071	63225
3950747.35	240099	62990
3927825.92	236287	60521
3937611.18	235504	65867
3877724.54	232599	63744
3995610	237153	65129
4023640.08	239803	66171
4045777.84	242180	66998
4017167.49	241874	66149
4005142.37	241256	65841
4007571.63	239885	64157
4003150.66	240486	64505
4101589.63	244538	66532
4152005.04	248400	67914
4158605.19	249393	69445
4180926.36	251594	69675
4169668.29	250586	69714
4176987.44	253050	69658
4187426.78	252502	69648
4174409.63	251250	67832
4149318	246318	65661
4160267.51	250349	67318
4124070.46	248330	66977
4080351.23	247484	64859
4112777.85	252442	65023
4075183.79	249632	63064
4094757.83	248943	62989
4126509.13	244617	62798
4212477.53	251068	66769
4181896.7	253787	67520
4119956.95	252101	66868
4107862.84	250667	67951
4063721.43	246862	65991
4069300.06	242741	66009
4101601.94	238444	66347
4028718.61	230872	62478
4033842.52	231490	62387
4035759.57	233153	62032
4009285.47	231167	59848
3975271.35	227927	58725
4011826.32	231559	59592
4007718.2	231911	59587
4015914.73	230805	57896
4006935.74	232179	57405
4040923.23	231480	56598
3972881.02	227913	54741
3947265.09	225182	53966
3997040.73	223856	52669
3975733.76	230072	54934
3963574.93	228722	54762
3991833.96	231896	55515
4004008.33	233938	55735
4017871.5	235760	55711
4003011.02	236356	53743
4073136.22	240993	53975
4092318.19	240874	53185
4082891.84	238854	52303
4043636.85	234925	50285
3996997.51	230998	48105
4008881.26	232228	47823
4052054.22	238760	49338
4034540.89	239216	48079
3939368.14	236406	46416
3896033.39	234037	44525
3901565.08	234965	44494
3927536.43	236711	44475
3913267.41	238345	44845
3971031.63	242531	46516
4060162.57	246568	49992
4068109.69	250497	51362
4159030.18	253377	51457
4162470.03	254761	52516
4121459.45	252224	52230
4114727.04	251773	51864
4097612.89	249804	50861
4028750.01	245115	48726
3999973.31	240403	46878
3989105.83	240337	46713
3900292.94	231604	43803
3900678.89	232318	42240
3805479.57	226280	40166
3855584.04	231877	40533
3830995.61	234416	41124
3856874.3	233790	40486
3870757.79	231399	40024
3852469.63	224122	38922
3815644.93	220460	37998
3803013.69	220038	37720
3889238.95	228346	39304
3929391.29	231493	38830
3989075.61	236116	39423
3998088.79	233988	39208
4058663	235639	38985
4039060.71	232062	38167
4034981.93	229761	37124
4124496.8	235925	39525
4150406.73	237364	40673
4230902.86	241415	41099
4259315.17	244058	41139
4231440.06	241351	41471
4250083.52	242692	41309
4226731.89	243368	41592
4309590.42	249642	43718
4321983.28	249649	43260
4289849.91	243247	42269
4367199.71	244799	42783
4367468.77	244708	41824
4379706.68	246652	41769
4438892.92	252432	44370
4379583.33	247155	44197
4456024.61	248902	45923
4447840.19	246798	45931
4516120.15	248772	48132
4616249.07	258135	49890
4621323.92	256702	51599
4608744.8	251014	51993
4551008.75	247600	50025
4552176.65	249842	50503
4555173.48	247472	50678
4560154.27	244628	49973
4537946.55	242422	48696
4555010.06	244365	49541
4638062.39	250429	52098
4702587.29	253887	53760
4712731.06	252174	53748
4755900.2	253026	55023
4720678.54	249702	53859
4811531.18	254901	56661
4818151.48	255718	57436
4820473.26	255503	58611
4937507.11	254535	58880
4994740.86	258830	60148
4960566.88	246654	54203
4894692.21	243084	52921
5004480.92	248225	56921
5053668.02	247188	58323
5130047.79	251009	60470
5131884.69	247833	59665
5199070.46	248315	61396
5152128.96	245853	60762
5154014.54	241024	60822
5180359.66	237463	58023
5127052.74	234984	55903
5174135.81	239185	56713
5177032.87	238937	56519
4976334.87	227514	51590
4981026.81	226687	49834
4979434.88	225360	48561
4909524.55	218554	45425
4960349.39	225199	45953
5042288.57	229952	35534
5073430.58	232966	36363
5190449.91	236594	37703
5186277.22	234675	38334
5099754.37	227426	37212
5123219.79	227638	36845
5094652.39	223266	35101
5064183.64	221741	34026
5090180.47	225933	35302
5077801.52	226465	35919
5173555.34	230204	37925
5173475.14	227750	38040
5199167.66	225998	37991
5152987.35	222555	36844
5083437.52	214884	33148
5033301.41	210183	31247
5089816.38	213473	30638
5122729.26	214934	49241
5135480.02	220292	52151
5195725.64	221084	53733
5126668.56	215166	51046
5143419.06	217580	50984
5074632.52	213261	49854
5013694.3	210916	48819
5041566.5	210287	48365
5069040.67	210336	47957
5107770.65	216072	49172
5033330.27	213089	47393
5096420.67	216817	48798
5086439.88	216971	50869
5093512.92	217996	50350
5074786.34	216844	50204
5065841.29	209500	48049
4984429.64	206706	46737
4963970.58	203030	44707
4968611.33	201037	44725
5011342.31	204049	44669
5054010.88	207048	44674
5098576.51	210620	46447
5145750.05	211500	47150
5223417.04	207802	51761
5272996.86	211013	54959
5278601.95	209663	56535
5370591.69	213183	58507
5418527.82	214590	59073
5417723.7	211918	60484
5383355.18	210784	61297
5428575.31	214605	63473
5465886.51	214585	64695
5556352.23	217365	67827
5592014.48	214074	69291
5595418.14	214288	69312
5676085.28	215244	71061
5743564.73	218382	72976
5768741.26	218537	72684
5754382.61	217992	72061
5702405.24	214476	69908
5815128.61	216249	71085
5779568.58	212331	69382
5830879.83	214893	68326
5858072.14	215778	67804
5894176.41	218807	69572
5986167.4	221178	70263
6022720.62	221173	70866
6114907.13	222805	71988
6035228.66	218948	70551
5961813.19	216295	70087
6008446.35	220040	71676
5856717.75	216383	71249
5750214.91	211788	69456
5657498.99	207686	66179
5706876.56	209270	65005
5598003.88	208229	64603
5624043.86	210007	65660
5521501.4	206838	62090
5419526.12	200856	58840
5440931.19	202569	57031
5393250.76	201985	54796
5404630.6	202621	53802
5409724.03	203634	52228
5406369.94	205735	57920
5437074.31	206848	57085
5538770.25	209966	57364
5352561.82	199275	52878
5366368.88	197469	51751
5252968.28	191477	48776
4994876.51	181139	44723
5086661.51	186180	45338
5070534.11	188845	44407
4957295.29	184971	42394
5060398.45	189451	43975
5025980.97	187170	43036
5160276.23	189357	44435
5152251.79	186830	44410
4915584.5	178141	41761
4889756.4	173119	39910
5053761.61	181517	41468
5014244.82	184520	41547
5066410.89	189111	43214
5102517.22	191936	44495
5051122.85	190403	44340
5101927.78	192284	45486
5221090.26	202471	44326
5231830.83	202924	45542
5257933.18	204230	46038
5185616.91	201363	45475
5170379.34	201074	45196
5172127.76	201729	44751
5214347.18	203506	45413
5167725.21	200475	44623
5177977.5	199954	44471
5110799.36	196362	43142
4970990.82	190743	41077
4839717.2	182546	38357
4869078.72	185205	38450
4856983.2	184963	38658
5012834.67	191690	40675
4973212.22	192636	41519
4897126.73	191273	42031
4932197.02	193067	42819
4893250.77	192746	42187
4965632.58	196797	43852
4980869.66	198171	45179
4966387.88	196685	41843
4991484.4	196294	42170
4993464.76	197260	42837
4981497.06	197316	43214
4970373.27	197338	43040
4946502.18	197109	43005
5009814.93	201202	44348
5072465.21	205535	46923
5084372.8	206998	47608
5090886.82	206823	47152
5147185.7	208539	47723
5151277.04	209194	47882
5244159.8	212627	49379
5209773.96	213666	47973
5198514.06	212464	47617
5029452.9	203082	43075
5085808.29	206411	42303
5061491.83	206500	41491
5035870.8	206332	41779
5017010.05	203591	41996
4965047.46	199945	41691
5000108.04	201794	42289
5094650.28	207466	45073
5122383.58	208288	43079
5223245.76	209681	44004
5324016.1	213355	46783
5313940.07	212104	47455
5279447.32	210252	45945
5266325.13	210343	46367
5272031.44	210843	47126
5267600.06	211950	47458
5223853.29	207244	46384
5286158.58	207139	44858
5259914.56	204961	42303
5437582.31	208108	43854
5606332.21	216986	47946
5624032.34	216969	48112
5615468.15	216728	47748
5647282.95	215089	47085
5628878.52	213832	47184
5640098.59	213820	48041
5641513.54	213085	47540
5675286.19	214248	48402
5628350.15	210472	47102
5606577.01	211571	46756
5682478.34	212825	47925
5682996.07	214385	48340
5591104.98	212333	45906
5725112.24	217264	50569
5711056.72	215947	50037
5704033.47	213127	49301
5801769.12	215757	50613
5797955.05	214152	51542
5905742.13	215944	52132
5828217.48	213644	51349
5769253.99	209689	49399
5742226.53	208886	47447
5777963.93	210415	48013
5769774.17	209720	47452
5843068.26	210668	47450
5818299.35	209308	47044
5838729.42	210864	47623
5869386.83	211706	47634
5767779.2	209331	46228
5791142.17	209374	44895
5791418.9	210319	44857
5851764.84	211465	46053
5921102.07	214940	49389
5893011.31	214884	49651
5947291.68	216678	51618
5935330.46	216254	51847
5911434.2	212595	49969
5934951.7	212265	49651
5878558.97	211035	49853
5936949.61	212960	51606
5971693.65	214910	52580
6004632.55	214793	52782
6005510.53	214624	52982
6027560.95	216119	52105
6076785.5	217561	53015
6113562.05	218534	54049
6147856.1	217570	55150
6178545.08	219939	57019
6271267.83	221322	57760
6221604.47	218454	57251
6260333.8	218264	56136
6348235.29	221404	54174
6387360.11	223150	55991
6389869.25	224031	56900
6398623.79	223460	55533
6473364.28	226998	56327
6468298.26	227745	57052
6403423.3	227123	57155
6375019.3	226698	56292
6228860.96	220451	53551
6238467.52	218664	52178
6252445.35	221949	52818
6327938.64	223986	53435
6420694.07	227023	54641
6381639.34	227163	54901
6408106.07	229109	56112
6395286.34	228128	55233
6425013.16	228742	55250
6397807.07	227939	55733
6465441.44	230038	57885
6480991.42	230338	58808
6486195.45	230705	59344
6566656.68	226835	58967
6647891.02	230027	63116
6662960.96	232935	64767
6684435.75	233638	67005
6592041.75	229079	66759
6485454.74	224192	64125
6519145.97	226082	63921
6426734.71	226874	62819
6407113.32	223672	60430
6566239.72	228010	61495
6621377.44	230313	62005
6637458.68	229617	61953
6676830.72	232244	62955
6716920.23	235749	65346
6644738.91	234418	64990
6641827.13	235391	65020
6650532.2	236208	65771
6753424.85	237094	66623
6768932.92	235835	66441
6632240.81	232523	65415
6576533.97	228026	62521
6563263.64	227595	61507
6516139.09	225280	65461
6512210.54	224390	65231
6581929.7	227781	66825
6585978.03	229524	66938
6668655.95	233315	68600
6665178.9	232775	68119
6652463.64	232461	68217
6660525.53	233270	69404
6573832.41	229616	68286
6508412.59	229625	68106
6587646.83	233752	68960
6676375.91	239297	70405
6692495.15	241487	67372
6450767.09	233761	62666
6425980.67	231998	61978
6376435.08	229783	60101
6113772.18	218453	55509
6205882.55	221110	56278
6230555.32	224956	56893
6293130.81	229586	58254
6292258.31	229026	58802
6292397.58	230936	60475
6362340.53	231998	61648
6245319.47	226383	60118
6350514.07	230513	63373
6379235.91	230737	64672
6385117.38	230620	65332
6398959.61	230279	65250
6420949.68	230077	64898
6505977.12	232601	65469
6540618.31	234654	67340
6548561.17	237162	69562
6526884.96	234898	68684
6449457.05	230979	67360
6498793.01	232744	67856
6555595	237987	73729
6508279.3	238126	74824
6544049.24	239438	76246
6640832.25	240198	77642
6680361.28	240447	79103
6677141.15	240537	78871
6727807.66	241840	79247
6715358.99	242042	79813
6665027.65	238672	78288
6692767.02	239908	78795
6694120.6	238115	76977
6658454.93	233526	72921
6678406.31	236101	72289
6551120.76	233613	69636
6594692.76	236526	70743
6684194.65	239280	71928
6725201.35	240921	72998
6669557.14	238846	72381
6696102.15	237941	71785
6644201.29	236381	70328
6609771.66	233502	72283
6658743.95	234723	71379
6731555.95	234891	69803
6851782.91	240308	73519
6888720.62	243779	75122
6863422.02	244649	75237
6826634.89	241531	74024
6866710.33	243725	75300
6790099.86	242344	74825
6796451.71	242014	74475
6728583.45	239125	73326
6737183.24	238745	73627
6779122.84	240191	74886
6779933.69	240949	75768
6870754.94	244985	78039
6911484.42	248569	80318
6962988.27	248305	81439
7040316.78	250696	81875
6888786.68	249158	82609
6888736.68	248221	82146
6923238.75	249290	82507
6884113.93	250599	81672
6865901.73	254817	83146
6980366.02	259230	85974
7026543.45	262999	88365
7060013.64	263593	88152
7079265.46	263744	87283
7096141.79	267457	88876
6987011.84	266975	88544
7024723.06	270257	88792
7040808.23	270885	87673
7001883.17	268241	86828
7137415.55	271046	86047
7276854.9	276213	86643
7504756.68	277862	86702
7637550.26	281107	87124
7600355.98	283945	89375
7543897.07	285543	89747
7675962.06	292438	91751
7602200.43	288184	88087
7583803.93	289320	86089
7649780.08	290293	85828
7648212.53	281860	73779
7684437.8	284831	74463
7738950.39	289209	76862
7820731.36	294673	78809
7887133.35	305052	79547
7906449.32	311226	79720
8082901.41	322304	83000
8089099.85	327366	83870
7990533.46	325444	83023
8003982.51	328925	83650
8125767.39	336176	84614
8014375.1	333182	82823
8103972.63	340534	84843
8033717.22	343643	84927
8016575.51	345933	84335
8130216.78	355270	85263
8120939.6	362871	85759
8268967.76	370187	85195
8168914.8	376389	86626
7986297.11	372694	82115
7541186.75	360880	75975
7468635.52	356082	72608
7643153.58	370727	79769
7223966.6	363591	74168
7338875.69	360768	71464
7447282.91	365606	72191
7340487.57	359415	70454
7242849.97	357534	68661
7437918.17	371699	71158
7513538.65	381800	72509
7231849.29	374913	68866
7251122.72	373974	68759
7186050.88	369898	67735
6923450.72	352143	61083
6571558.69	335557	56178
6496815.39	337381	54054
6822963.11	358030	58228
6811652.76	358114	58072
6812949.61	356809	58102
7023697.83	369678	60039
6978013.83	371704	60954
6854991.66	373355	59963
6865468.98	377162	60452
6782030.24	372899	59845
6895383.85	381426	61743
7095005.25	391688	67936
7093816.51	395421	67735
7059716.86	395215	66410
7066415.76	397313	66139
7156824.79	406002	67977
7169487.26	406260	68969
7102673.03	404937	69095
7142842.86	410814	70176
7152457.44	412993	71085
7085564.2	406562	69245
7196331.95	411165	70184
7068844.64	406313	67547
7147886.97	401844	64834
7217324.26	401807	64032
7299596.7	415189	66579
7416963.25	427376	70852
7717074.39	439072	75234
7718910.94	445761	76256
7751814.67	423198	74605
7753441.29	424936	75054
7903313.47	430116	76882
7993045.32	432472	76741
7922130.7	427695	74840
7902868.35	425882	73623
8022470.21	429382	74368
7965029.51	427433	72081
7978224.01	432231	72611
7786177.25	425100	69803
7837337.67	424989	69016
7888549.84	431376	70861
7854113.42	431417	70510
7934933.98	438147	73393
7919524.44	437492	73675
7697233.67	426601	68447
7821634.94	432981	69609
7776194.47	428241	68084
7881807.13	435733	69570
7942190.7	437325	71136
8134281.34	445170	74432
8106713.22	441731	73934
8070618.41	438865	76171
7982461.78	431534	73627
7667775.01	414824	68459
7709384.83	417337	67505
7680833.93	417413	67305
7693068.45	418180	66951
7414200.88	398414	59839
7441688.84	398284	59496
7173202.01	382201	56621
7258262.53	384783	57993
7428896.11	399562	61361
7350610.24	397826	61649
7206768.81	389035	60478
7146861.51	384764	59677
7123507.87	386877	58918
6936358.09	377574	57043
6951878.76	375557	56344
6829379.61	361567	53203
7013778.54	366005	54576
6859404.61	360674	52989
6789771.03	353585	51946
6951993.05	358952	52895
7067355.05	370368	58439
7027334.8	374318	58932
7076704.45	381958	59808
7121705.81	386449	60608
7169032.04	383459	59874
7204709.89	381093	59423
7091538.25	373071	57478
7141009.19	370498	56729
6975523.23	361598	55599
6788511.16	342032	51104
6719321.59	335544	48685
6505378.2	318997	45727
6500889.28	321256	46986
6683574.49	337515	50143
6579447.48	329441	48124
6655750.23	334796	49281
6816757.88	348136	51220
6833655.86	353888	51913
6828914.64	352155	52264
6976467.23	358685	54169
7022133.64	363322	54255
7114605.85	375011	47545
6929939.14	366248	47174
6792625.43	352453	46653
6799073.32	349793	48097
6481364.76	329498	44603
6501877.8	329561	44706
6638586.43	334743	46457
6584196.51	337459	46795
6558251.08	337961	47246
6664259.25	340318	48580
6889790.26	349241	53871
6674235.63	335782	53469
6609996.56	332089	51365
6653790.71	337327	54374
6596809.93	338445	54232
6158728.24	314458	48641
6094921.6	302185	44263
6219443.31	304469	45319
6410696.59	318342	46917
6203624.42	307700	43930
6309473.4	308776	43277
6313108.75	309063	43152
6354288.13	306776	51191
6465773	313002	52018
6361452.78	307575	50187
6367648.71	307582	49464
6635773.84	320360	52111
6639215.41	324595	54074
6591747.27	324661	54165
6703480.81	331631	55689
6623059.8	324046	54676
6788891.41	332698	57813
6801752.27	337517	59851
6977518	348430	63072
7037658.28	349129	62466
7167645.97	356427	62137
7079053.63	356582	62708
6916949.72	347189	61728
7097286.05	357543	63991
7106426.74	359413	64172
7296791.37	366855	66872
7170649.52	362144	66114
6925813.44	350753	62696
6985868.45	352186	64540
7055172.41	353636	65636
6858910.49	342948	64076
6795771.11	342176	63305
6626543.13	336565	63586
6635736.1	338376	65135
6771634.04	344644	65933
6878833.09	351343	69974
7085745.92	362361	73585
7426632.74	373991	73219
7391728.17	369678	73480
7353581.75	366054	72178
7153134.38	359549	71076
7148593.58	363604	73178
7116240.2	368635	74154
6983154.66	361429	71201
7162662.73	370231	74473
7153720.21	370829	75313
7249083.06	376807	78686
7189836.29	375768	78530
7156926.76	376559	80174
7306507.59	384707	81745
7381426.39	392275	82905
7340234.93	393020	83456
7354687.8	395424	85048
7484022.15	401762	86647
7559905.9	402078	86352
7514757.47	400278	86857
7547674.7	403248	87044
7505036.11	402443	86754
7434048.5	404334	88548
7394058.78	405753	88131
7373479.77	403115	87958
7519128.25	409178	90067
7347655.8	401545	87474
7342615.73	405724	88279
7378299.54	412666	91646
7248592.56	408903	89677
7268035.53	409858	89852
7317310.7	414727	91552
7236950.43	411964	90921
7153523.98	408041	89445
7188392.2	408524	90500
7341643.77	416706	93394
7366709.43	420660	93610
7492510.98	428990	96933
7552183.76	431646	98762
7627049.62	435346	99745
7434032.61	423566	95522
7358299.57	419614	93862
7341018.84	416234	92922
7197143.61	405511	87548
7118668.82	396350	83646
7174941.04	402853	83147
7105819.7	397921	79855
7144769.2	398380	78436
7120525.23	396368	75913
7234803.09	398323	76578
7082611.42	391506	74113
7131552.01	393985	74517
7219087.44	400322	77097
7232534.63	402900	76700
7061198.52	395974	73977
6857938.46	384589	69610
6890806.89	379451	67970
6673011.43	365388	63865
6699739.61	367652	62982
6757595.14	370347	62803
6776517.75	372277	63357
6786745.86	376071	64298
6625531.49	369284	62986
6515611.18	362752	61226
6518357.72	361810	61169
6419974.79	352838	59354
6519424.72	356769	60367
6461291.32	356527	60362
6252683.62	341518	55420
6270351.72	354612	32188
6193510.32	349231	32187
6089915.96	351708	33879
6049167.57	356069	34508
5928842.82	347906	33092
6011999.03	351897	33129
5775028.66	339634	31611
5769902.36	341354	32347
5783093.61	341920	32662
5934569.4	353965	34554
5832412.3	350671	34643
5504576.39	333127	32450
5374263.05	325748	30973
5618236.51	339466	32760
5528461.56	334039	32060
5762108.05	347161	35327
5707033.4	346881	36934
5853499.23	359327	40890
5893014.34	363036	41445
5761144.12	355724	40976
5545136.93	344155	39814
5607462.25	346217	39875
5566656.98	342942	40316
5566489.36	341853	40323
5543802.13	340718	41026
5422553.29	331276	40220
5626499.85	342084	42847
5679527.83	346135	43206
5819297.82	358777	46342
5925811.65	368426	47284
5907668.23	368260	47166
5885747.47	367549	47032
5874935.08	370218	47935
5784138.74	363054	46434
5640788.21	351368	44011
5595204.33	350271	44007
5642526.58	355968	44034
5548764.16	350595	42170
5557388.67	347585	40420
5663286.52	353248	40634
5616357.92	351399	39946
5730073.25	359152	41114
5673272.36	357464	40917
5636975.53	356181	41937
5415109.13	341647	40233
5293127.61	335333	39328
5251849.52	327974	38243
5117056.59	320049	36515
5038843.05	318813	35829
5328665.55	337170	37968
5142600.8	322828	37387
5133934.23	324525	37968
4972855.22	313463	36991
5015763.32	316865	37889
4827136.07	304634	36138
4569424.71	290067	34806
4644928.08	293288	35087
4550690.97	285380	34831
4818553.95	301699	36578
4914033.32	306974	37158
4952194.18	311057	38106
4875806.08	306541	38022
4828188.99	299873	37774
4750852.59	288819	34936
4587435.96	287394	34869
4591981.57	288143	34107
4517216.55	281532	33873
4526101.44	283893	34472
4323990.24	270390	32432
4348386.18	271946	33362
4087942.08	255887	31513
4043024.52	251633	31549
3970992.58	245108	31130
4178321.17	259697	32754
4127479.13	257201	32093
3984582.32	248191	30930
3823138.08	241615	30425
3786565.3	241041	30579
3776320.63	240650	31005
3700506.69	236376	30821
3594585.36	229235	30116
3477485.97	221339	29313
3337063.66	208780	28226
3354970.06	210751	29100
3381819.64	210768	29388
3596744.73	225852	31235
3771001.96	234542	33398
3827641.59	240543	34158
3835986.68	240377	33931
3823842.7	236603	33513
3588399.15	220750	31687
3582413.57	222517	32443
3567115.73	221044	32286
3507400.09	214828	31456
3497367.65	212991	31319
3340981.03	203992	30078
3365275.25	205473	30046
3357179.65	203104	30319
3237245.09	195715	29821
3198858.39	193535	29897
3077860.91	184454	29060
3157036.99	188511	30450
3138650.28	188547	30874
3251524.43	193974	32251
3237675.83	195677	32444
3377195.98	204712	34014
3386530.51	203710	35173
3421717.85	206095	35968
3271705.83	198062	34343
3211295.78	194550	33627
3194694.45	192547	32991
3173642.67	189890	32798
3334829.48	201146	35182
3396871.65	206889	36724
3567234.49	218900	39126
3585113.22	220117	39137
3423755.4	213336	36551
3541405.24	221043	37791
3558172	221888	38293
3604789.99	223144	37926
3621743.01	227249	38269
3606698.32	227590	38124
3497790.71	218878	36262
3399313.03	211554	34626
3403587.52	212875	34642
3387418.71	212212	34284
3399888.95	212270	34390
3394925.85	211811	34443
3536506.69	223660	36290
3531508.79	226307	5969
3633298.3	232618	7480
3644468	235198	8582
3681095.3	239094	8576
3467643.38	225154	8030
3425224.72	222977	7885
3398216.42	220450	7689
3395189.37	219352	7828
3478073.26	222572	8162
3453922.23	222311	8372
3287142.45	212363	7668
3314297.7	215228	7704
3314043.21	215507	7834
3316317.48	216615	7865
3211063.33	209690	8137
3214832.15	209338	9261
3249187.46	211465	9274
3329800.28	218922	10087
3349335.08	220847	10517
3318981.96	219707	11044
3435370.53	225098	11907
3477804.97	227087	11914
3487710.29	229277	11448
3538582.66	231397	11693
3447933.23	223986	10166
3547169.23	231710	11138
3539258.67	232825	11475
3437727.99	226333	10205
3457809.35	225665	9789
3490215.18	229497	10194
3399946.68	224529	10075
3446451.76	226820	10494
3395341.14	223579	10672
3446308.57	226556	10981
3469658.72	228479	11249
3493183.14	231868	13588
3393601.87	224892	13321
3395169.01	222338	13270
3476865.28	229827	14588
3552051.68	235946	15397
3589558.44	237011	15591
3547772.74	234752	15728
3543860.35	236886	16465
3614455.37	239991	16046
3606667.2	240181	15928
3722795.01	248096	17246
3762980.3	251834	17284
3804043.34	253047	17637
3820373.58	251788	17436
3757934.03	250697	17900
3727640.58	247139	17316
3859899.86	255110	18178
3955262.81	261099	18468
4025081.1	267821	19983
4035614.5	267951	19761
4023253.96	266493	18263
3913768.54	255534	16311
3912107.4	263621	19066
3947257.72	269907	19855
4066504.47	277304	21318
4103832.21	280605	20996
4117820.55	281074	20669
4115079.08	280381	21174
3991148.96	273294	19149
4164297.81	284274	20747
4235764.64	288959	19682
4285347.5	293447	19273
4313462.41	295139	19558
4285890.51	294294	18939
4358709.88	299731	19517
4229550.25	285624	16738
4290614.35	285865	17908
4325899.23	290380	19162
4307479.11	292682	18604
4305926.82	294054	18289
4298504.31	294299	17905
4206045.15	284305	16917
4174048.09	277871	16190
4219253.56	276917	16030
4531959.17	296732	21726
4828219.79	316353	24517
4911007.17	320686	25119
5057791.34	332002	28567
5033364.68	333164	28249
5029440.43	335183	30184
5057914.67	339168	29946
4882453.67	325163	28337
4906200.47	328972	28312
4778618.87	324020	27020
4865178.63	332626	28024
4941736.45	336732	27509
5033398.31	341776	27311
5062067.8	344922	27032
5071344.63	347317	25985
5060193.74	350179	26413
5018188.04	347961	25788
5010023.79	339688	24659
5212580.32	351472	31002
5273798.87	353910	31014
5244752.42	354533	29642
5217608.85	348571	29137
5092818.98	340147	27202
5065893.87	338396	27035
5126547.38	342368	28270
4958493.22	329321	26207
4816791.18	313001	26323
4885140.6	314106	27103
4943838.54	322054	27255
4823691.31	316843	24445
4656451.18	302534	22869
4659901.49	300078	21697
4619522.11	299351	21647
4600707.13	296478	21037
4649425.87	303472	22082
4743615.61	311248	22784
4613262.56	304537	22318
4765729.45	313060	24571
4831569.63	319568	24787
4857460.12	320905	24357
4794563.93	316681	24037
4853558.54	310778	16070
4964213.99	319726	18326
5023090.03	326320	19981
5014145.85	326182	21176
4983922.28	326234	21138
5045285.4	331805	23101
4993834.51	328728	22693
5109205.33	333106	24809
5140047.2	333028	25057
4975245.82	319556	22116
5053293.95	326631	23393
5096082.08	333626	26063
5157217.42	337927	26466
5205384.88	342895	28380
5277482.81	347323	28870
5297097.34	348513	28370
5317656.99	348144	29166
5332087.81	346016	29101
5335473.52	345274	27855
5387718.96	347268	28825
5491197.76	355261	29770
5420509.16	353323	30035
5375531.23	347756	28750
5477395.82	348702	31790
5419861.44	346267	30104
5316411.12	341125	28001
5258075.66	336130	26606
5274475.98	335440	26811
5299203.46	337798	26744
5302852.11	339745	26996
5280812.4	340431	27579
5392419.07	348079	29157
5417591.79	350244	30029
5301705.43	342393	28720
5206700.45	331796	27280
5207349.96	332587	26741
5194424.42	329449	25791
5123377.67	326069	24598
5274007.95	336348	25769
5261633.56	336860	25865
5224793.08	331201	25310
5212010.51	330680	24943
5329395.1	338044	25552
5329790.83	340876	29127
5526580.5	352718	32743
5531573.48	354050	33251
5582264.67	359936	33733
5634920.42	362542	33530
5717971.04	365259	33077
5811074.29	367458	33900
5762638.69	362251	33084
5875064.59	365554	33140
5854191.5	367148	33787
5781688.93	363546	32658
5861038.52	367651	33955
5936758.72	373555	34909
5982127.19	375792	34795
6027802	379899	34461
5986422.41	379405	33202
5958916.42	376302	32454
5917347.71	369976	30119
5848572.96	367687	29149
5863526.23	368210	29087
5808336.22	362969	28536
5993015.09	370445	29403
6077347.8	365001	33100
6119085.22	366697	32677
5977632.78	360376	31570
5968261.63	362656	31209
6062404.01	366290	31284
6121329.83	368271	32320
6014413.14	361144	30810
6065676.62	363437	30680
6080003.1	365276	31240
6077407.38	365549	32266
6180734.97	369514	34502
6228312.06	369020	34185
6211005.09	369581	34368
6233789.13	371861	35586
6249279	371639	34721
6200521.73	367760	34388
6114941.11	361712	32690
6136390.41	362725	33462
6157199.96	361660	33399
6151449.38	360360	33091
6039481.04	353319	31293
5887253.12	343269	29712
5881696.78	342751	33190
5876774.07	343475	32458
5843728.21	344131	31927
5939077.96	353025	33608
5908414.68	350359	33273
5952100.06	354178	33772
6010314.48	356218	34503
6070019.3	359433	34937
6153795.7	363404	36813
6155495.79	363845	36944
6155174.57	364068	37111
6271662.24	371075	38301
6245964.38	368583	37288
6264453.29	371023	38017
6248729.43	371669	39031
6161390.87	366741	39110
6172554.42	366207	39052
6194916.61	366020	39023
6230901.68	367189	39461
6223562.08	365970	39395
6005537.25	353775	36040
6063985.3	358730	37125
6109114.01	360581	38144
6133291.34	362427	38865
6153290.94	362259	39269
6123415.33	360215	39559
6230033.96	366025	41840
6230214.45	364676	41511
6247240.98	366963	42047
6143059.38	359716	39534
6238573.39	366239	40503
6252945.3	367175	41172
6250101.65	365534	40970
6195295.38	363217	40072
6222699.35	362824	39120
6221891.37	361940	39111
6260864.54	363688	39602
6334348.02	367423	40297
6393937.01	368961	40651
6464365.17	371496	41455
6465981.35	371569	42287
6536620.4	375002	43427
6530237.36	374798	44075
6586826.91	378034	45201
6657439.51	377937	33582
6683135.23	376987	33140
6709532.33	374507	32810
6805916.86	377670	34295
6747275.94	372968	33136
6771749.87	374514	33603
6807185.39	376995	33822
6781436.57	376625	33660
6679907.38	370095	32408
6784432.81	374707	33893
6855029.76	377853	35413
6822450.03	374783	35927
6744783.32	367695	34362
6726406.61	366156	32496
6660918.1	359276	31233
6457870.29	349600	29499
6418246.79	346537	28005
6226730.62	329934	22780
6188129.73	327878	21492
6277596.35	335644	22697
6240445.86	333214	29258
6107907.7	326418	28282
6055765.81	321203	26173
6165271.27	327338	27642
6134850.69	327795	27637
5876552.94	310252	24607
5895605.05	309078	24994
5856596.52	311381	26539
5947963.24	320167	28563
5992005.83	325146	29217
6083072.73	329847	30247
6110674.85	330631	29894
6031741.16	328374	29505
5946375.03	323407	27629
5951098.29	322248	29692
6074324.8	330617	31836
6097742.69	332928	32052
6116787.59	334126	32465
6063170.11	332920	31555
6147970.09	337349	32290
6254526.87	342407	33801
6269739.49	343658	34376
6279030.79	343650	34299
6263508.44	342193	34273
6253331.96	341705	34632
6155528.46	335696	32802
6198331.26	337786	33011
6375839.04	345195	37699
6379416.27	345128	40360
6382733.18	345712	41167
6301711.97	343864	41474
6290899.38	342157	41015
6310123.13	342286	41237
6332113.64	342684	43090
6380303.63	344069	44588
6435494.43	347956	46842
6458045.41	348353	46925
6415588.39	349639	46459
6505719.09	353974	48959
6518884.45	355388	50360
6605388.35	357954	51876
6640330.31	357974	52316
6570163.99	352002	51719
6611522.08	351830	51512
6640174.98	352490	51834
6568262.73	347455	49938
6635639.24	349304	50787
6705691.6	352579	51672
6635352.53	350239	51107
6456842.93	336351	45996
6496251.38	336987	43426
6565231.94	342379	44377
6563733.5	342556	44414
6591617.19	344677	45078
6762994.7	349357	46988
6773382.68	347714	46682
6703400.16	345249	46785
6654842.89	344762	46387
6633301.42	338963	48577
6592769.61	335023	47596
6578791.4	332989	47169
6366885.15	322301	44746
6260860.58	315247	42240
6250843.47	315568	41675
6306747.17	319754	42030
6252824.83	318286	39211
6237490.86	316672	38744
6389638.53	323737	40752
6384478.26	324880	42212
6222209.47	316438	39922
6215625.39	311113	39625
6169442.21	309458	40637
6057804.69	302318	37950
5928704.97	292559	35125
6000386.5	297460	35455
5827901.24	287069	33956
5899082.52	291512	34384
5922064.81	295160	35248
5956956.83	298237	34645
6021541.29	301373	37059
5952056.86	297409	35569
5877487.67	292161	35145
6021878.41	298291	36283
6004281.18	297492	36315
5834115.24	288476	35279
5788819.63	287860	35654
5743718.66	282663	33476
5832007.26	286483	34287
5932808.69	292786	34912
6009245.82	295524	35524
6067500.65	297265	36901
6117992.02	299188	39934
6115461.01	298217	39770
6251816.38	305422	41209
6220206.76	305849	41678
6189812.24	304218	42167
6174610.17	303929	42313
6073068.16	297945	42100
6075355.65	297279	42753
6015925.3	293896	41662
5908869.42	301945	27761
5825380.39	299029	28321
5867269.68	302573	29893
5971297.42	307646	31402
6036693.88	314794	32991
6031123.98	316023	33267
6114398.14	321293	33799
6164595.35	322599	34259
6152507.23	323192	34470
6114124.09	321510	33762
6230085.55	326511	34610
6222544.38	326570	34686
6191172.79	323017	34249
6188005.43	321658	33912
6246924.21	325784	34314
6235129.67	326520	34560
6191586.74	326022	34972
6299256.68	330648	36907
6343957.02	331713	37771
6326266.31	329714	37776
6328447.38	329917	37550
6339792.3	330387	37380
6301876.64	329335	39996
6434474.65	337651	42556
6468315.12	339594	44219
6453228.05	340074	44718
6433272.18	337525	44122
6434210.39	337204	44707
6484314.94	341025	46518
6442894.36	338368	45613
6374454	334159	44184
6282936.29	330897	44073
6309110.14	334713	44747
6348510.94	338615	45523
6331811.41	338458	45911
6327720.15	337303	44395
6353087.21	336293	44851
6340375.94	337661	44266
6386076.73	339756	45275
6359580.18	338307	45491
6129099.8	326827	41332
6109962.58	323164	39267
6130056.31	324536	39176
6160972.74	324729	38842
6062466.44	317973	40880
6072245.87	321721	41973
6119180.51	325433	41768
6216901.65	332474	44614
6260255.92	337454	46946
6261389.39	335803	47852
6235554.41	333921	48381
6233117.32	331179	48227
6286790.22	332155	49291
6490329.47	341017	52608
6540383.96	344193	53175
6561806.89	345850	53656
6517132.47	342333	52736
6572681.6	346030	54988
6601244.82	348285	55463
6671793.64	347648	55967
6667250.54	347793	56179
6630571.09	343459	55807
6659346.44	342582	55097
6668814.6	341537	55682
6714454.9	343043	56853
6718271.69	331023	56060
6717676.51	331443	56775
6716506.4	329417	55633
6668084.57	328205	54970
6737722.73	331663	56654
6733480.1	331862	57442
6704481.46	329413	56660
6666876.12	326728	55277
6577624.97	322840	53913
6580728.35	321178	53711
6684738.18	325034	54810
6679531.16	323521	54809
6536072.2	315828	52454
6525655.41	314707	51606
6598114.1	318957	53790
6606326.26	320542	53474
6643181.72	322562	53987
6774807.67	328287	56822
6806559.79	329132	57105
6768770.86	325876	56377
6851622.82	327402	57667
6890586.97	323572	59296
7009224.59	326854	61155
6985019.71	324652	60084
6989868.12	319997	56599
7053867.24	322944	57757
7124995.17	327209	59177
7102636.93	327130	58985
7120082.9	327737	58990
7147775.72	327576	59417
7120966.01	328264	59919
7020045.68	323404	57676
6994280.05	318194	56897
7058240.98	319631	58574
6987997.42	316961	58429
7002066.16	318374	59170
7036290.87	321110	59672
7127734.69	325553	61552
7076000.9	323525	61445
7068318.05	321588	61819
7140169.01	325257	62677
7119868.61	324637	61981
7145399.08	327337	63154
7127856.26	329834	64370
7260700.46	334362	66598
7345686.56	337567	67873
7415968.74	338970	69342
7468564.43	340936	70154
7453116.47	339629	70444
7467129.75	339407	69966
7523391.81	340044	71444
7504434.2	338016	71265
7530319.66	339330	72028
7546218.88	338209	71428
7574368.86	336474	70446
7602661.76	336617	70592
7640752.09	337359	69938
7571719.61	335282	69112
7620506.93	337610	69746
7659974.29	339364	70495
7692116.47	339623	70612
7710805.04	337365	69097
7720709.81	336392	68309
7710971.96	334634	66901
7688478.32	332466	65060
7734673.8	334813	65259
7782531.62	338943	29046
7820935.1	339954	29678
7802799.64	339945	30462
7659008.48	333737	28801
7696771.64	333352	29413
7653943.73	328620	26798
7697400.24	329144	26398
7812760.59	333877	27926
7842910.05	335072	28851
7858635.18	335002	27383
7863903.53	334245	27100
7847985.95	331382	26566
7910430.71	332729	27117
8018935.15	336274	26723
7950666.2	332279	26558
7867064.83	330110	26445
7813424.48	328716	25715
7904828.36	331940	25882
7975194.19	334874	26820
8055882.11	336549	26630
8111933.76	337732	35308
8041001.3	336346	35117
7924887.7	332345	34269
7744104.92	325562	32233
7553577.73	315107	28066
7631986	319224	29059
7666379.46	321931	29475
7644809.3	320568	29534
7618514.05	320131	28507
7760848.01	327017	28383
7758712.55	327916	29220
7612453.23	321474	28435
7487768.06	311941	27515
7490732.02	313390	28552
7558296.55	317954	37395
7687445.35	324133	39066
7585376.99	320625	39969
7683016.68	325523	42613
7758115.13	327240	41970
7677410.03	325036	42189
7713309.28	325665	42429
7701153.64	326137	42981
7575630.85	321152	42324
7476539.02	318476	41975
7448389.46	315351	40852
7190472.37	300925	38499
7268159.5	307018	41445
7206414.22	304685	41737
7299275.95	310717	41865
7360122.92	313252	41382
7375807.42	316240	41446
7387786.55	316758	41821
7430354.72	316935	42277
7501683.9	317553	42092
7441571.94	314939	41807
7476084.93	314937	42278
7508278.09	318429	42628
7554480.58	322542	46943
7575542.38	324256	47541
7766975.08	329172	50103
7809297.51	331326	52004
7795219.7	330528	51830
7795874.96	330629	51665
7634007.89	322297	51256
7681915.63	323109	52935
7698131.48	325793	54184
7618315.39	322684	53065
7612357.9	322197	51402
7525132.65	318944	50352
7710573.64	326963	52384
7855046.97	332263	55497
7873279.81	332514	56219
7849200.18	331846	56462
7858028.83	330290	56334
7972384.04	335614	57219
8004113.35	335920	56486
7988493.84	334061	56287
7944796.74	330415	54952
7924377.31	332910	56812
8006790.8	337685	60190
7972576.26	334744	60892
8035452.48	335158	61353
7999914.12	333323	61204
8006710.83	332703	60733
8027543.09	333145	62536
7987949.9	331973	62255
7884580.77	326688	60690
7862251.96	325364	60038
7917652.44	326133	61214
7886533.95	326247	61037
7850530.47	324331	59722
7752681.35	321173	58800
7756821.24	320213	59329
7706334.53	319224	59379
7764672.34	323018	61113
7783217.12	325460	61494
7805271.11	328021	62062
7972433.07	336480	65208
8064069.28	342097	66838
7984914.87	339479	66251
8049970.73	341316	67127
8060972.06	341953	68155
8009154.51	339840	66399
7997814.78	338824	66350
7813967.59	331356	63228
7683262.66	324684	60679
7803718.45	330362	63217
7794319.34	327727	61954
7610393.15	318714	59078
7573196.54	318480	58363
7518878.13	313790	56910
7596476.52	317308	58452
7598107.39	322370	60132
7537515.07	320634	60753
7450526.33	319403	60060
7384330.68	318269	60333
7355990.79	318792	60475
7398733.83	322458	61471
7487905.19	416994	26816
7570517.19	424848	28817
7616615.44	427309	29959
7618218.08	429990	29656
7677755.86	434997	31418
7588201.6	430550	32904
7565774.76	428331	29882
7473510.34	424991	29767
7314350.15	414335	27656
7306637.81	415136	29194
7291601.63	414386	31076
7324611.83	419281	33706
7261314.93	420594	35301
7236006.99	422894	36473
7417705.57	434792	38548
7438386.64	437664	41175
7496200.08	442233	41492
7438351.62	436559	40644
7554926.79	444702	43553
7559369.15	448224	45838
7494649.86	445679	44418
7300626.66	435912	48648
7374094.56	442805	51538
7273078.21	439886	50929
7134411.74	431865	52140
6995233	421017	50638
6644365.48	396303	47423
6393141.18	383384	46072
6302663.15	384454	50932
6452812.97	401075	52474
6448995.21	399964	52874
6323782.21	396025	49633
6514270.51	407314	51474
6479542.16	406113	50767
6402067.31	399167	49474
6277627.77	393683	48763
6072729.24	375144	45901
6079232.18	370040	47203
6292206.08	382056	51135
6268951.45	383591	51443
6203390.6	375542	49628
6271106.62	376496	49507
6419731.42	384120	50985
6475923.65	392318	52105
6574954.14	397055	55317
6589265.16	397152	53913
6568362.52	397229	53864
6384603.8	388414	51535
6227816.53	374249	48507
6410395.7	382543	50666
6433246.81	386237	50307
6497133.51	392279	51035
6293999.53	380551	48450
6155887.66	371080	47050
6290877.48	378842	49799
6469904.73	389552	52738
6386063.15	383712	51683
6396307.57	383205	52141
6440811.59	385633	53531
6211240.01	372115	51116
5976069.89	355177	49249
5841178.18	343115	48104
6032082.32	352793	49958
6108500.45	359115	50289
6129539.7	362280	50621
6165598.78	332092	54097
5954649.16	321198	51138
5984039.91	321889	52226
5947479.32	317875	52173
6056551.85	322808	53994
6110787.64	326752	54433
6272000.09	339141	56991
6271871.28	340986	57532
6329571.12	344704	57588
6275692.49	341304	56483
6365753.83	346517	58066
6270998.76	340210	57115
6253174.96	336611	56747
6151080.65	331178	55679
6161482.16	329237	56622
6357252.55	340898	60209
6381488.64	344257	60919
6417298.58	346944	63060
6433062.39	350081	64097
6500391.82	352574	64019
6486524.55	350785	64954
6520176.31	352499	66165
6507384.44	352111	66899
6383080.69	344298	65079
6510088.42	351427	67934
6530931.94	353112	68668
6508918.62	351953	68664
6469471.78	349295	67974
6261048.42	334734	64632
6313748.65	337018	65462
6478596.55	346128	68035
6464148.56	344074	67606
6382919.71	338525	66037
6392310.37	339040	66200
6242966.58	331865	65381
6091549.36	321758	64210
6055795.87	318061	64458
5898325.01	310382	62521
5907916.19	312052	62855
5814195.03	307181	61951
5922617.81	312585	63051
5985685.67	318230	64304
5944179.56	312997	64037
6184417.2	325564	67601
6152086.3	323095	67436
6125319.88	319720	66881
6017320.66	310750	64698
6091568.39	312563	65387
6051210.79	309102	64555
5950659	304617	63514
6009298.35	307332	63652
5979262.88	304289	62922
5984801.27	306116	62964
5837902.63	299306	60860
5860325.17	300314	61367
5757144.92	292493	60018
5786392.03	294477	60753
6063104.04	310986	64735
6048300.2	312652	65367
6153716.3	319549	67628
6168110.76	318541	67666
6172100.46	317287	67754
6155961.63	314924	67877
6174645.62	315182	68453
6179280.97	327493	12726
6078526.9	319713	11974
6175519.26	324209	12525
6204655.81	325839	12720
6241367.61	328704	13558
6232742.08	329497	13751
6213705	327735	13529
6299015.51	332938	14377
6306544.43	334579	14671
6325472.98	333834	14643
6346190.48	331929	14714
6246495.9	325787	13310
6344700.4	332316	14663
6374732.13	334210	14836
6568806.13	345294	17102
6642092.81	349717	18066
6638996.41	351000	18900
6728067.41	355384	20412
6733907.8	355825	21254
6782184.76	359043	21366
6756832.12	355711	20496
6776672.34	356962	20910
6922746.82	367273	23310
6960039.05	368877	23512
6886346.51	364783	21946
6912103.16	366279	23953
6908798.52	365435	21991
7027926.51	370621	23783
6921649.82	360799	21301
6965924.88	359808	20507
7006908.62	364326	20674
6973814.19	362346	20427
7045721.84	366985	21044
6975733.16	364090	20083
7019771.63	363761	18888
7197212.92	373100	30477
7174707.63	375365	31343
7190859.58	377117	31245
7149025.31	375313	31190
7056534.64	367172	28230
7016267.95	361525	27241
6981674.14	359079	26746
7052428.64	363187	26648
7085908.74	365402	26116
7017330.74	360495	24816
7127949.22	362611	24958
7244411.97	369424	26093
7241386.24	369262	26091
7166875.38	367425	25637
7194882.58	364704	24279
7129668.38	360673	23170
7161781.97	359774	22098
7236915.98	364386	22576
7254521.88	366007	23047
7133447.05	361265	22498
7226121.72	363368	21950
7250202.32	364924	20783
7128791.69	355686	19087
7176676.49	326846	27014
7118878.47	322097	26034
7053162.6	314361	25211
6951981.85	310170	25738
6989150.99	315435	25767
6888131.5	310867	25308
6895797.08	311263	24823
6926397.68	313723	25500
6932592.29	315738	25444
7066105.95	322253	25735
7021988.98	320203	25488
6877259.51	311598	24759
6912423.91	310498	25061
6931301.53	310541	25289
6816654.84	304480	24446
6799400.36	301887	24571
6820448.13	304029	24144
6885032.09	308627	24679
6831378.19	307134	23996
6807880.83	303000	23094
6830422.16	303879	24736
6984136.37	313283	27509
6974947.47	313765	27619
6991630.12	315116	28459
6820267.07	307649	28462
6816869.32	308445	28353
6752725.49	304834	28228
6764700.84	303506	28192
6693125.87	299248	27728
6679678.57	298945	27463
6684249.99	300343	28945
6511820.55	293535	28981
6640127.68	298527	29021
6426094.56	289662	28483
6465379.26	291089	29192
6532244.86	296208	29949
6384144.46	290599	29648
6381387.75	289367	30258
6322874.21	286268	29793
6393809.38	289702	29747
6565548.85	300909	31443
6497077.08	299174	30925
6556699.24	300283	32347
6325378.83	290698	31284
6116244.6	280896	30898
6222505.25	286453	31036
6279514.73	290656	31899
6325182.69	291023	31909
6228158.09	288734	31561
6350677.55	293884	32571
6291111.19	291812	32316
6303762.76	293050	32474
6274977.75	292850	33016
6336793.23	298717	34856
6473983.88	306418	36591
6467151.67	305591	36734
6533190.54	307302	37446
6465604.31	305237	37049
6405229.87	303724	37312
6346605.1	300774	36913
6306900.86	298175	36429
6349555.95	300241	37300
6316482.44	298817	37407
6441097.22	329234	17138
6497032.64	332732	18020
6570144.9	336646	19710
6536940.09	338658	20182
6498702.13	337653	19626
6480450.77	334768	19745
6425738.63	331481	18889
6352269.95	327862	18321
6341187.72	328775	18860
6202580.21	323885	19188
6180508.08	322751	20036
6162189.53	321570	20004
6182578.9	322961	20210
6115609.95	320779	19116
6237386.95	327940	19637
6252178.73	329270	19675
6101882.05	322245	19515
6086654.93	321596	20762
6038471.29	319909	20084
6048758.84	319752	20171
6218401.92	328102	20805
6247090.69	330258	21342
6368586.15	334468	23172
6354810.22	335673	24667
6300293.5	334425	22223
6387921.95	338931	23575
6409901.25	339615	24091
6420991.62	342009	24011
6540863.78	349056	24711
6513872.53	351582	24429
6516177.26	351405	24418
6562776.51	352741	25363
6557485.8	353474	25237
6576652.96	356080	26182
6544074.4	354950	26663
6536989.51	353301	25957
6618367.4	356486	25974
6594411.99	355811	25859
6608373.62	356662	25485
6572581.62	355774	25699
6577984.23	355087	25071
6485579.93	348156	22943
6521778.27	350329	23059
6529741.57	350907	22027
6568821.73	352673	21866
6629995.88	357384	22944
6641017.35	357276	23052
6547895.28	353301	23244
6513815.7	349926	22484
6636924.92	355016	23345
6674662.96	358142	23954
6693939.06	358226	23622
6767500.54	364194	25053
6784091.52	364439	24979
6992229.04	371310	27574
7000743.4	371913	27413
6962671.42	370416	27649
7011437.86	371365	28242
6955875.82	367571	27309
6988767.24	368044	27013
7007157.56	368838	26879
6978264.08	365063	25772
6926016.3	358994	24591
6952228.77	359158	24484
7021939.82	341831	22982
6975939.95	339612	22552
7028974.62	342029	23046
7009941.02	340864	23058
7015852.61	339978	22880
7027415.95	341197	23185
6952720.94	336747	21440
6916992.38	334290	20561
6766486.19	329562	20102
6768687.12	329180	19283
6755228.5	329323	19091
6834141.67	332033	19283
6814702.17	331840	19065
6819138.51	330473	18689
6758711.64	328097	18537
6719828.1	327096	18352
6685385.67	325413	17866
6667242.07	324806	19084
6621884.79	322149	17776
6565192.7	316434	16533
6554260.85	314352	16106
6624468.89	319103	16884
6621176.17	318250	16024
6631414.34	320072	16579
6660679.89	321122	16620
6642022.84	319969	16751
6690253.57	323074	17544
6739789.82	327255	18075
6702594.09	325970	17801
6741727.28	329004	19060
6731061.29	326790	18572
6606587.92	321194	17534
6631191.08	322186	17777
6615606.63	322120	18149
6594378.25	320462	18273
6591395.68	319017	18015
6611318.48	319032	17436
6573129.89	317473	17403
6596004.94	316887	17611
6831676.65	327015	19341
6900167.39	332093	20179
6929702.52	332773	20350
6919044.69	333046	21086
6993222.61	336039	22129
7093192.38	339966	22056
7107403.38	340308	22450
7100106.1	342102	24196
7146455.87	344028	25587
7128422	342298	24448
7203477.28	342617	24485
7164060.7	340102	24438
7195108.91	338793	23664
7266858.49	342576	24865
7330732.89	345655	26092
7258537.9	340231	25526
7165342.46	334227	24807
7171345.47	334644	25083
7201824.06	335224	24933
7120246.13	331223	23749
7036656.11	326360	22641
7067065.79	327200	22604
7051377.35	326202	22585
7152021.09	329621	23705
7143454.1	329175	23893
7152135.08	329824	23958
7211235.9	340383	14826
7309497.28	344755	15567
7369921.97	347425	16964
7338297.25	344255	17491
7271045.1	338714	17655
7229535.2	335798	17097
7241336.13	336501	17587
7329949.44	339843	17784
7334890.2	339830	17687
7341962.25	338998	17803
7264461.36	334470	16850
7198972.81	330873	16516
7153039.36	326468	14667
7276906.77	332021	14975
7259691.26	331948	15147
7301292.94	333954	15539
7287146.03	332824	15394
7228437.33	330476	14760
7248449.17	330113	14755
7285636.65	331352	14880
7383236.76	335958	15573
7433066.91	337562	15664
7438141.43	338648	15517
7452777.01	339751	15645
7528879.37	341918	16116
7497270.19	340824	16026
7543810.74	340995	15276
7593290.3	343687	15758
7616599.39	345022	16250
7705359.16	348343	16573
7619246.92	343974	16430
7582526.58	342041	16648
7629247.96	343383	17384
7572129.61	342450	17906
7493192.45	338942	17010
7528073.21	340205	16795
7608077.19	343971	17618
7490148.59	339535	17183
7575752.3	343791	18071
7589740.28	343221	17883
7575774.06	342369	18568
7628627.71	344336	18790
7624513.87	345355	19608
7601876.46	342154	18947
7632239.64	340440	18472
7593980.36	337519	17597
7561470.38	337187	17276
7432075.8	331008	15912
7446475.89	331585	15778
7378780.14	330327	16005
7387433.07	331227	16219
7368291.45	329958	16023
7435642.77	333218	15850
7433446.4	333389	16292
7479134.52	334790	16427
7450215.87	333699	16153
7502867.15	321244	16483
7499969.9	320475	16516
7510316.82	320919	16563
7538434.73	323412	16854
7363015.57	314631	16521
7324345.53	312847	16132
7352523.99	315440	16458
7478663.7	319767	16927
7426763.45	317224	16066
7368784.53	313644	15694
7409692.59	315223	16070
7407278.75	316645	16387
7382664.02	315669	16869
7586347.04	321254	17628
7647564.05	322286	17966
7588513.83	318650	18098
7661522.08	321479	18863
7687210.24	320657	18671
7714643	319530	18470
7726320.59	320018	18486
7808753.03	323721	19165
7862012.69	324986	19997
7868140.49	323591	20189
7924275.45	325610	21394
7931239.99	323706	20134
8066616.57	326539	20178
8088892.77	325258	19900
8072136.3	323203	20065
8047548.95	321333	19713
8073427.04	319290	19205
8120111.67	321615	19708
8173623.03	325422	20917
8154849.72	323219	21467
8169497.93	322358	22258
8150761.18	322663	22650
8153691.01	321756	23064
7964086.89	314475	21255
7953126.95	312314	20030
8039600.67	314078	20777
7987980.89	314464	20781
8064599.84	317222	21112
7966898.84	313610	20449
7966392.83	314522	20281
7881024.31	312072	20189
7891034.72	310575	19251
7878578.47	309131	19392
7771967.16	304035	18681
7783834.26	302157	17373
7848165.2	306532	17926
7796859.38	303717	17885
7594047.77	296154	16637
7609037.27	295511	15414
7648846.42	298591	15789
7670130.24	300134	16113
7646731.16	300250	16261
7522931.91	295273	15619
7414315.07	288578	15455
7319676.67	284789	15081
7240870.79	279731	14101
7315423.57	284444	14169
7428634.33	288321	14082
7657181.35	293173	16667
7602638.28	294663	17961
7607245.39	294340	17735
7487383.56	289575	16128
7452601.91	287247	17266
7581387.97	291739	19723
7425063.77	287829	18199
7511866.78	290467	19521
7554338.15	292924	19919
7741463.59	299293	22909
7842477.6	300636	23567
7870076.32	301846	25993
7853502.94	301404	28418
7853413.37	299685	28298
7733767.14	295328	27049
7529454.64	289000	26361
7533423.68	290925	28045
7684637.94	296699	32059
7690600.05	295776	32933
7677039.43	295233	30702
7656081.41	294841	30502
7570537.01	293428	30246
7670389.42	296552	31401
7646737.55	294732	32279
7569351.9	292861	34087
7598567.63	294376	30610
7627738.75	296361	32493
7507334.95	292593	33062
7379997.53	286746	32401
7343705.04	287593	32623
7296114.1	285821	32679
7335062.61	287583	31978
7443596.95	292833	32729
7400737.1	291650	32195
7324144.67	288781	30146
7360137.81	290319	30001
7316433.52	289206	28683
7255508.46	285647	27528
7227682.86	285551	27213
7309722.36	287971	28457
7327971.02	289460	30314
7257310.08	285902	29678
7287534.51	285572	29763
7397421.62	289054	27861
7511490.92	292937	28354
7541218.27	292736	28161
7604274.6	294201	28843
7577789.94	292966	28750
7675960.18	296256	30447
7688246.06	295261	30919
7705128.68	295224	28480
7753575.82	295090	27299
7759911.14	293102	26466
7769258.92	293466	28069
7712196.54	291133	27369
7688107.42	289697	26507
7839419.71	294363	27203
7833300.03	293502	26605
7765289.66	291683	26458
7882332.18	294840	27230
7895552.78	295332	27696
7853176.86	294447	27705
7757890.99	289576	26263
7822464.59	290111	26500
7736263.11	290580	25437
7762311.94	291501	25956
7802551.68	292525	26530
7967468.47	298005	28518
7962116.15	298783	29298
7915041.55	296457	29203
8017182.53	297152	29869
8003825.54	296089	28605
8035203.51	296048	27618
7950405.11	292588	25957
8060616.31	296024	26900
8010281.23	293816	26144
8063258.95	295201	26617
8169949.81	297520	27054
8151937.65	297067	27363
8178279.49	296815	27753
8155823.43	295626	26406
8160950.55	296589	27495
8063475.47	294099	26575
8153848.07	295586	26883
8163813.69	296546	27428
8207121.79	297584	28026
8186110.44	297676	28104
8131384.1	295643	26906
8119383.22	294972	26794
8005815.37	291745	25396
8032847.72	291728	25211
8026964.57	291469	25398
7982552.72	288667	24648
7919058.97	287222	24652
7939261.12	286770	24887
7830460.58	283367	24564
7851122.35	284548	25350
7889165.98	286921	25944
7921724.16	288176	26345
8047883.96	293766	28938
7959912.03	291740	30578
7832444.57	287464	29535
7836388.62	287603	29376
7899538.93	290629	30784
7987437.6	293096	31908
8080049.51	295567	32269
8147083.52	298522	33455
8190796.02	300161	34849
8199632.41	300596	34959
8177756.26	299311	35340
8213379.2	299645	35685
8157693.75	297690	34592
8144027.44	297744	34733
8250435	298518	34750
8247419.81	297569	34528
8250743.46	297268	33366
8173638.97	294725	32718
8167769.66	294159	33147
8100004.97	291883	32666
8172288.07	294015	32893
8131303.21	293689	32737
8211120.21	296693	32711
8213025.26	297133	32925
8273190.64	298844	33544
8248879.2	298141	33652
8259077.9	297959	34485
8285830.46	297922	35037
8337769.8	299666	35873
8451121.56	303298	37188
8436109.77	300856	37754
8429206.96	301139	38617
8338271.89	297622	37915
8291062.74	293149	36679
8292492.36	293166	37922
8359820.82	294044	39168
8290804.41	292690	38594
8316673.96	293033	37953
8363723.68	293932	37996
8369572.98	292858	38205
8452737.31	295780	39786
8510048.57	296047	39765
8515962.13	295370	38742
8557024.64	297261	39106
8514928.11	296399	39082
8552876.12	297265	39237
8522285.23	296271	38571
8544460.07	295789	37941
8436132.79	290272	35933
8071993.27	283187	33975
8108402.46	284932	34518
8196826.39	288203	34314
8189336.28	288294	34371
8240485.7	290398	35524
8334645.34	294281	37247
8295283.38	291898	36308
8390682.41	292616	36682
8411293.03	292698	37129
8444305.34	293172	37828
8463926.65	293551	37930
8395943.31	291794	37653
8485157.28	295109	38793
8439771.35	293241	39034
8476536.69	292793	39953
8499897.5	294057	41180
8542313.65	295275	40132
8517618.29	294009	39337
8465536.96	292311	39503
8572197.28	295717	40863
8698428.31	297891	42223
8740657.03	296529	40669
8674902.25	293889	40761
8721574.23	294283	41898
8692988.51	293144	40861
8809458.3	295321	42583
8738161.01	291815	41624
8731979.29	290848	42701
8761695.91	291506	42901
8719283.73	288962	42364
8605967.54	285861	41135
8591541.39	283698	40335
8636297.14	283757	40911
8721434.27	287178	42417
8802431.16	290395	43802
8840276.12	291811	43855
8865734.13	291327	42172
8962653.26	280037	43541
9008121.63	281525	44152
9061811.65	284096	45868
9017400.14	282795	44826
8996578.76	280965	46386
9030749.35	280170	46263
9073415.89	282127	47102
9106909.16	280740	45771
9098084.81	277099	44200
9067154.97	272441	43299
9155852.4	274400	44214
9140760.94	275064	43360
9160489.14	276407	44206
9218943.61	276192	43519
9197630.04	275881	45311
9225658.99	277510	46430
9222691.67	276221	45810
9222002.75	275806	44963
9064079.04	271163	41124
9128391.55	273413	42541
9191079.61	275546	44092
9086516.66	271564	42137
9175067.22	275137	43563
9172152.43	276369	45407
9213761.98	277312	46733
9194402.22	276343	45908
9230247.53	276929	45875
9188610.08	274027	43778
9089551.45	270847	42194
9129808.81	269761	41380
9225902.29	271304	41732
9241572.68	272462	42497
9269915.88	272478	42097
9261495.92	273273	43123
9276384.19	273286	42793
9241338.36	271830	41881
9377443.27	276318	43661
9417808.86	279156	45592
9457300.32	279615	46546
9497013.87	280216	47186
9574197.7	282376	48542
9546270.96	281667	48799
9487983.35	280106	48365
9584951.41	280798	48689
9594832.1	281478	49708
9620965.81	282153	50573
9605245.66	281303	50047
9644963.46	281203	50785
9729830.8	282613	50635
9739994.54	282607	51107
9687074.45	279924	51028
9668130.28	278573	50487
9678679.75	278425	51165
9712288.12	279790	51912
9766877.65	279590	50386
9812085.75	282430	51982
9737258.08	280872	51768
9695715.64	277740	48311
9695547.24	276868	47796
9695932.24	277310	48790
9797360.62	280466	50643
9789421.97	279408	49656
9909227.54	359731	52540
9986231.65	361864	53923
10105416.33	364336	53952
10160953.02	367004	57679
10143894.68	365254	57964
10175438.2	366468	59084
10161630.38	366239	60214
10103517.45	363747	58240
10188437.13	367728	60685
10151319.16	364276	56256
10112898.18	364833	58150
10166716.9	367423	58796
10055665.39	364108	57477
9919613.55	359311	56722
9907879.73	357666	57810
9960768.1	360311	58533
10042674.88	362760	63145
10065480.44	363920	61347
9931879.23	358820	58033
9877760.92	355661	59199
9877908.42	352435	54896
9943212.64	355496	56435
9745204.59	350084	54390
9701133.35	348625	54770
9829887.69	352556	56517
9582315.86	345494	53611
9624329.79	346072	52607
9610776.44	344852	49327
9570329.37	344009	48732
9654490.87	349206	51415
9658281.98	349876	50507
9743611.53	352885	50243
9787470.89	353628	47916
9770741.51	352733	49068
9720546.26	349910	49607
9831483.86	355084	50440
9894703.2	356788	51013
9843428.45	355372	48178
9978468.79	361321	52094
9978724.24	361706	53148
9973651.56	362827	58494
10091031.91	367004	63146
10024159.81	366973	57893
9988150.3	364823	55255
10132886.04	368894	55328
9987713.72	362681	50908
10097093.78	364177	49500
10057370.44	363524	49530
10025834.2	362252	48071
10069829.37	363592	48530
9972257.16	360607	47840
