"XAU.USD" "USD.EUR" "USD.CNY" "USD.JPY"
"1" 1411.26 0.7496 6.5916 81.37
"2" 1421.45 0.7473 6.5916 81.18
"3" 1421.46 0.7475 6.6016 81.2
"4" 1418.79 0.7504 6.59 81.4
"5" 1403.98 0.749 6.6078 82
"6" 1379.285 0.7555 6.5935 82.43
"7" 1374.465 0.763 6.6263 83.19
"8" 1367.825 0.7705 6.6279 83.31
"9" 1369.55 0.7747 6.6293 83.17
"10" 1369.59 0.7749 6.6275 83.18
"11" 1371.85 0.7744 6.6357 83.03
"12" 1378.615 0.7723 6.6201 83.07
"13" 1383.22 0.7681 6.6046 83.19
"14" 1384.265 0.7579 6.6057 82.95
"15" 1369.73 0.7487 6.5903 82.76
"16" 1361.97 0.7471 6.5899 82.87
"17" 1361.99 0.747 6.588 82.86
"18" 1362.07 0.7509 6.5926 82.79
"19" 1366.35 0.7492 6.5846 82.59
"20" 1372.19 0.7432 6.5827 82.23
"21" 1361.435 0.7429 6.5866 82.39
"22" 1345.47 0.7393 6.583 82.83
"23" 1342.72 0.7344 6.5836 82.57
"24" 1342.73 0.7345 6.584 82.58
"25" 1347.08 0.7349 6.5824 82.69
"26" 1331.095 0.7331 6.5825 82.41
"27" 1333.795 0.7307 6.5827 82.2
"28" 1336.645 0.7295 6.5819 82.56
"29" 1319.32 0.7305 6.5835 82.53
"30" 1336.92 0.7347 6.5825 82.13
"31" 1337.13 0.7349 6.5831 82.11
"32" 1334.57 0.733 6.6035 82.09
"33" 1336.355 0.7275 6.5947 81.75
"34" 1337.54 0.7236 6.5585 81.51
"35" 1336.33 0.7274 6.5585 81.64
"36" 1350.785 0.7345 6.5585 81.76
"37" 1348.78 0.7363 6.5585 82.19
"38" 1348.81 0.7365 6.5585 82.2
"39" 1348.33 0.7365 6.562 82.3
"40" 1355.995 0.734 6.5543 82.2
"41" 1363.535 0.7321 6.5898 82.42
"42" 1360.625 0.732 6.5846 82.76
"43" 1362.315 0.7377 6.5899 83.45
"44" 1356.93 0.738 6.586 83.43
"45" 1356.905 0.7382 6.5898 83.43
"46" 1359.63 0.7408 6.5953 83.31
"47" 1368.345 0.7403 6.5914 83.55
"48" 1374.02 0.7393 6.5883 83.73
"49" 1379.095 0.7365 6.5839 83.51
"50" 1385.665 0.7344 6.5755 83.3
"51" 1390.07 0.7303 6.5755 83.18
"52" 1390.08 0.7302 6.5745 83.17
"53" 1398.775 0.731 6.5697 83.14
"54" 1402.06 0.7336 6.5791 83.06
"55" 1403.225 0.7292 6.5761 82.67
"56" 1412.29 0.7261 6.5755 82.01
"57" 1405.18 0.7251 6.5739 81.87
"58" 1410.49 0.7271 6.5739 81.68
"59" 1410.44 0.7271 6.573 81.68
"60" 1412.235 0.7255 6.5701 81.76
"61" 1417.575 0.7239 6.571 82.01
"62" 1432.615 0.7244 6.5727 81.87
"63" 1427.72 0.7201 6.5725 82
"64" 1420.635 0.716 6.5702 82.42
"65" 1430.94 0.7151 6.569 82.29
"66" 1431.21 0.7149 6.5685 82.31
"67" 1436.5 0.7149 6.5575 82.2
"68" 1430.675 0.7175 6.5632 82.46
"69" 1429.1 0.7195 6.5639 82.77
"70" 1422.68 0.722 6.5687 82.88
"71" 1414.43 0.7236 6.5747 82.5
"72" 1417.8 0.7192 6.5755 81.85
"73" 1418.01 0.7189 6.5755 81.86
"74" 1425.245 0.7167 6.5735 81.86
"75" 1409.055 0.717 6.572 81.34
"76" 1398.81 0.7168 6.5719 80.64
"77" 1397.955 0.7159 6.5747 78.9
"78" 1413.73 0.7096 6.573 81.04
"79" 1418.55 0.7051 6.5694 80.59
"80" 1418.72 0.7051 6.5694 80.61
"81" 1428 0.7051 6.5667 81.02
"82" 1427.5 0.7033 6.558 81.01
"83" 1432.06 0.7063 6.556 80.91
"84" 1438.08 0.7081 6.5596 80.94
"85" 1432.545 0.707 6.56 81.14
"86" 1429.68 0.7099 6.56 81.36
"87" 1429.6 0.7102 6.56 81.37
"88" 1421.55 0.711 6.5625 81.67
"89" 1418.14 0.7097 6.5635 81.99
"90" 1420.34 0.7093 6.5601 82.86
"91" 1429.965 0.7057 6.5514 82.89
"92" 1430.405 0.7058 6.5476 83.79
"93" 1428.63 0.7024 6.5492 84.06
"94" 1428.62 0.7024 6.5492 84.08
"95" 1432.62 0.703 6.5435 84.08
"96" 1439.835 0.7042 6.5403 84.42
"97" 1456.515 0.7 6.5438 85.25
"98" 1457.95 0.6993 6.545 85.18
"99" 1467.255 0.6949 6.5396 85.08
"100" 1474.8 0.6907 6.5364 84.77
"101" 1474.83 0.691 6.5366 84.81
"102" 1470.745 0.6919 6.5371 84.73
"103" 1457.67 0.6923 6.5396 84.08
"104" 1456.755 0.6907 6.5367 83.92
"105" 1462.47 0.6918 6.5315 83.45
"106" 1478.37 0.6917 6.5301 83.32
"107" 1486.98 0.693 6.5304 83.13
"108" 1486.94 0.693 6.5304 83.13
"109" 1488.015 0.6983 6.5298 82.82
"110" 1493.745 0.7008 6.531 82.5
"111" 1499.85 0.6922 6.5279 82.68
"112" 1505.43 0.6862 6.51 82.06
"113" 1506.945 0.6869 6.494 81.9
"114" 1506.6 0.6868 6.494 81.89
"115" 1506.6 0.6868 6.494 81.89
"116" 1512.37 0.6861 6.494 82.03
"117" 1502.13 0.6854 6.5161 81.72
"118" 1510.58 0.6809 6.5185 81.95
"119" 1530.955 0.6747 6.5058 81.74
"120" 1540.59 0.6739 6.4956 81.41
"121" 1563.75 0.6754 6.4911 81.19
"122" 1563.78 0.6754 6.4914 81.19
"123" 1555.265 0.6744 6.4912 81.33
"124" 1542.305 0.6751 6.4948 80.99
"125" 1530.465 0.6738 6.4978 80.87
"126" 1505.14 0.6776 6.494 80.27
"127" 1485.84 0.6894 6.4936 80.44
"128" 1495.55 0.6987 6.493 80.63
"129" 1495.52 0.6984 6.4925 80.63
"130" 1503.41 0.6961 6.494 80.61
"131" 1513.015 0.6968 6.4941 80.56
"132" 1515.39 0.6972 6.4938 80.93
"133" 1497.99 0.7038 6.4971 80.99
"134" 1504.215 0.7035 6.4981 80.77
"135" 1495.04 0.7083 6.4985 80.79
"136" 1494.96 0.7085 6.4972 80.8
"137" 1493.76 0.7076 6.5034 80.85
"138" 1488.67 0.7056 6.5069 81.31
"139" 1492.54 0.7017 6.5049 81.31
"140" 1494.21 0.7007 6.5052 81.74
"141" 1501.11 0.701 6.5002 81.67
"142" 1511.85 0.7064 6.494 81.7
"143" 1511.94 0.7066 6.4942 81.71
"144" 1512.005 0.7115 6.5009 81.81
"145" 1520.4 0.7104 6.5016 81.92
"146" 1525.62 0.7108 6.4955 82
"147" 1524.065 0.7071 6.4922 81.69
"148" 1528.14 0.7028 6.4914 81.04
"149" 1536.43 0.6985 6.4926 80.8
"150" 1536.43 0.6984 6.4912 80.79
"151" 1536.895 0.7002 6.4865 80.86
"152" 1537.215 0.6956 6.4814 81.3
"153" 1535.99 0.694 6.479 81.18
"154" 1538.25 0.6941 6.4813 80.93
"155" 1535.055 0.6885 6.4812 80.59
"156" 1542.08 0.6833 6.4793 80.28
"157" 1542.12 0.6834 6.4795 80.28
"158" 1545.435 0.684 6.4791 80.21
"159" 1544.79 0.6832 6.4802 80.19
"160" 1539.1 0.6831 6.482 79.93
"161" 1538.485 0.686 6.477 80.1
"162" 1539.025 0.6919 6.4802 80.2
"163" 1531.23 0.697 6.4823 80.32
"164" 1531.23 0.6971 6.4823 80.32
"165" 1526.8 0.6963 6.4839 80.35
"166" 1519.795 0.6925 6.4814 80.33
"167" 1524.395 0.6979 6.4812 80.65
"168" 1527.57 0.7066 6.4788 80.79
"169" 1530.555 0.7027 6.4726 80.39
"170" 1539.45 0.699 6.4714 80.05
"171" 1539.45 0.699 6.472 80.06
"172" 1538.905 0.7009 6.4733 80.21
"173" 1543.34 0.6964 6.4711 80.18
"174" 1548.38 0.695 6.4651 80.22
"175" 1536.4 0.7016 6.4666 80.52
"176" 1516.335 0.7028 6.4739 80.41
"177" 1502.6 0.7049 6.4593 80.46
"178" 1502.56 0.7048 6.474 80.45
"179" 1499.105 0.7046 6.4865 80.76
"180" 1500.295 0.6988 6.471 80.88
"181" 1506.53 0.6949 6.4635 80.98
"182" 1508.61 0.6903 6.464 80.53
"183" 1493.385 0.6896 6.4651 80.76
"184" 1487.75 0.6885 6.4659 80.83
"185" 1487.7 0.6885 6.4655 80.83
"186" 1493.625 0.6881 6.4626 80.76
"187" 1502.285 0.6906 6.4654 81.03
"188" 1519.545 0.6956 6.4669 80.94
"189" 1529.36 0.6982 6.4665 81.06
"190" 1534.58 0.699 6.4659 81.07
"191" 1544.2 0.7012 6.4645 80.63
"192" 1544.2 0.7014 6.4656 80.63
"193" 1547.125 0.7081 6.4663 80.57
"194" 1553.225 0.7154 6.4678 79.83
"195" 1573.51 0.7113 6.472 79.25
"196" 1587.06 0.7043 6.4771 78.95
"197" 1585.235 0.7068 6.4359 79.12
"198" 1593.7 0.7063 6.435 79.13
"199" 1593.7 0.7064 6.4318 79.13
"200" 1599.26 0.7107 6.4618 79.06
"201" 1601.32 0.7071 6.4665 79.04
"202" 1591.14 0.705 6.4493 78.97
"203" 1598.065 0.7002 6.4439 78.71
"204" 1594.625 0.695 6.4396 78.51
"205" 1601.4 0.6964 6.4395 78.54
"206" 1601.29 0.6963 6.4395 78.51
"207" 1614.73 0.6958 6.441 78.31
"208" 1613.83 0.6914 6.4348 78.09
"209" 1620.25 0.6916 6.4318 77.87
"210" 1614.6 0.6977 6.4358 77.82
"211" 1618.67 0.698 6.4336 77.45
"212" 1627.15 0.6947 6.432 76.76
"213" 1627.1 0.6947 6.432 76.81
"214" 1618.075 0.6969 6.4235 77.28
"215" 1630.465 0.703 6.4249 77.3
"216" 1662.76 0.7015 6.4278 77.11
"217" 1663.1 0.702 6.428 78.87
"218" 1656.58 0.7064 6.4354 78.64
"219" 1664.305 0.6998 6.4355 78.39
"220" 1666.52 0.699 6.4355 78.3
"221" 1701.395 0.7004 6.4282 77.87
"222" 1744.02 0.7027 6.4372 77.26
"223" 1762.75 0.699 6.4164 76.76
"224" 1779.485 0.704 6.3881 76.71
"225" 1751.72 0.703 6.3774 76.78
"226" 1746.55 0.7019 6.3755 76.7
"227" 1746.56 0.7018 6.3755 76.71
"228" 1744.685 0.697 6.3765 76.82
"229" 1773.745 0.6941 6.3733 76.8
"230" 1787.86 0.6935 6.3738 76.61
"231" 1803.41 0.6956 6.3775 76.59
"232" 1846.715 0.697 6.3838 76.5
"233" 1852.05 0.6947 6.375 76.55
"234" 1852.69 0.6947 6.375 76.57
"235" 1878.25 0.6952 6.381 76.77
"236" 1881.705 0.6939 6.3832 76.7
"237" 1821.27 0.6932 6.3817 76.7
"238" 1743.995 0.6941 6.386 77.17
"239" 1782.09 0.6932 6.3865 77.01
"240" 1828.8 0.6897 6.3805 76.7
"241" 1829.775 0.6897 6.3805 76.7
"242" 1810.035 0.6894 6.3782 76.76
"243" 1806.64 0.6912 6.3756 76.78
"244" 1830.285 0.6933 6.3748 76.61
"245" 1824.075 0.6985 6.375 76.9
"246" 1850.685 0.7023 6.3786 76.82
"247" 1883.05 0.704 6.3794 76.8
"248" 1883.175 0.7042 6.3794 76.81
"249" 1890.06 0.7077 6.3825 76.85
"250" 1894.255 0.7107 6.3865 77.15
"251" 1842.085 0.7117 6.388 77.33
"252" 1841.305 0.7131 6.3855 77.37
"253" 1859.66 0.7238 6.3881 77.55
"254" 1855.5 0.7325 6.3995 77.59
"255" 1855.52 0.7329 6.3995 77.56
"256" 1838.585 0.7352 6.4008 77.24
"257" 1824.45 0.7317 6.4017 77
"258" 1828.78 0.7306 6.3859 76.82
"259" 1803.36 0.7251 6.3793 76.7
"260" 1787.24 0.7234 6.3721 76.79
"261" 1811.65 0.7246 6.3685 76.8
"262" 1811.75 0.7251 6.3685 76.81
"263" 1808.325 0.7319 6.3696 76.75
"264" 1789.725 0.7321 6.3838 76.53
"265" 1802.385 0.7305 6.3772 76.39
"266" 1759.67 0.7402 6.4097 76.49
"267" 1709.24 0.7407 6.4196 76.33
"268" 1656.85 0.7408 6.42 76.57
"269" 1656.85 0.7404 6.42 76.56
"270" 1618.645 0.7428 6.4037 76.42
"271" 1648.645 0.7376 6.3851 76.48
"272" 1640.325 0.7356 6.3774 76.54
"273" 1614.005 0.7355 6.3951 76.62
"274" 1623.63 0.7403 6.4049 76.82
"275" 1623.81 0.747 6.397 77.05
"276" 1623.865 0.7473 6.397 77.06
"277" 1644.49 0.7511 6.3965 76.89
"278" 1650.67 0.7566 6.3969 76.73
"279" 1624.42 0.7509 6.382 76.75
"280" 1645.56 0.7486 6.3727 76.71
"281" 1651.35 0.7445 6.3672 76.71
"282" 1638.1 0.7475 6.3665 76.79
"283" 1638.2 0.7476 6.3665 76.78
"284" 1658.78 0.7386 6.3559 76.71
"285" 1670.085 0.7337 6.3548 76.68
"286" 1674.275 0.7291 6.3713 76.91
"287" 1671.95 0.7265 6.3886 76.99
"288" 1672.82 0.7244 6.3914 77.04
"289" 1680.83 0.7204 6.387 77.21
"290" 1680.74 0.7205 6.387 77.19
"291" 1680.71 0.7236 6.3817 77.1
"292" 1660.74 0.7282 6.3884 76.8
"293" 1653.03 0.7252 6.3835 76.77
"294" 1623.885 0.7275 6.3885 76.83
"295" 1629.345 0.7243 6.3873 76.55
"296" 1641.77 0.7197 6.383 76.24
"297" 1641.745 0.72 6.383 76.25
"298" 1649.235 0.7203 6.3788 76.18
"299" 1667.41 0.7187 6.369 76.07
"300" 1713.315 0.7191 6.3702 76.02
"301" 1726.46 0.7123 6.3637 75.96
"302" 1742.275 0.7058 6.3495 75.83
"303" 1744.17 0.7068 6.3505 75.82
"304" 1744.05 0.7069 6.3505 75.79
"305" 1723.445 0.7136 6.3513 77.9
"306" 1711.19 0.7269 6.3626 78.23
"307" 1728.45 0.7277 6.3588 78.13
"308" 1743.49 0.7277 6.3511 78.04
"309" 1758.015 0.7247 6.3448 78.09
"310" 1754.895 0.7252 6.3485 78.24
"311" 1754.89 0.7253 6.3485 78.23
"312" 1771.79 0.7266 6.3445 78.1
"313" 1792.195 0.7259 6.3383 77.95
"314" 1787.49 0.7289 6.3318 77.68
"315" 1762.98 0.7371 6.3436 77.7
"316" 1768.74 0.7322 6.3393 77.42
"317" 1788.55 0.7272 6.3358 77.14
"318" 1788.54 0.727 6.3428 77.14
"319" 1785.1 0.7296 6.3402 77.08
"320" 1775.095 0.7365 6.3511 77.04
"321" 1772.325 0.741 6.3516 77.01
"322" 1751.02 0.7421 6.3487 77
"323" 1724.13 0.7403 6.3528 76.86
"324" 1723.795 0.7393 6.35 76.91
"325" 1720.53 0.7394 6.3576 76.89
"326" 1708.19 0.7409 6.3584 76.87
"327" 1689.46 0.7403 6.3709 77
"328" 1697.17 0.7446 6.3755 77.14
"329" 1694.585 0.7486 6.3826 77.13
"330" 1686.685 0.7528 6.3818 77.46
"331" 1681.17 0.7553 6.3855 77.73
"332" 1681.2 0.755 6.3855 77.71
"333" 1706.925 0.7504 6.3798 77.76
"334" 1712.03 0.7499 6.3726 77.95
"335" 1726.415 0.7485 6.3627 77.83
"336" 1745.97 0.7429 6.3539 77.66
"337" 1746.765 0.7431 6.3497 77.85
"338" 1746.37 0.7466 6.349 77.99
"339" 1746.42 0.7466 6.349 77.99
"340" 1741.51 0.7447 6.3471 77.94
"341" 1718.43 0.7471 6.3447 77.76
"342" 1731.14 0.746 6.3445 77.71
"343" 1731.54 0.7473 6.3431 77.58
"344" 1712.315 0.749 6.3453 77.65
"345" 1711.32 0.747 6.3407 77.6
"346" 1711.33 0.7471 6.343 77.61
"347" 1686.355 0.7524 6.3742 77.75
"348" 1659.48 0.7597 6.3837 77.87
"349" 1620.24 0.7684 6.3951 78.01
"350" 1576.77 0.7693 6.4049 77.97
"351" 1587.475 0.7674 6.3855 77.85
"352" 1598.975 0.7667 6.3754 77.79
"353" 1599.01 0.7668 6.3754 77.79
"354" 1595.085 0.7682 6.3767 77.91
"355" 1603.975 0.7665 6.3747 77.92
"356" 1620.92 0.7639 6.3637 77.87
"357" 1610.09 0.7661 6.3636 78.1
"358" 1608.715 0.7658 6.3574 78.09
"359" 1607.02 0.7667 6.3566 78.09
"360" 1607.03 0.7667 6.3566 78.09
"361" 1606.06 0.7655 6.3566 77.98
"362" 1596.905 0.7653 6.3529 77.9
"363" 1582.135 0.7672 6.3586 77.81
"364" 1546.07 0.7739 6.3651 77.79
"365" 1561.42 0.7723 6.3585 77.41
"366" 1564.99 0.7715 6.354 76.91
"367" 1565.025 0.7717 6.354 76.89
"368" 1565.03 0.773 6.3505 76.96
"369" 1587.375 0.769 6.3311 76.79
"370" 1604.415 0.7691 6.3177 76.7
"371" 1614.215 0.7769 6.3212 76.88
"372" 1621.485 0.7831 6.3261 77.14
"373" 1617.54 0.7862 6.326 76.96
"374" 1617.57 0.7865 6.326 76.95
"375" 1614.19 0.7857 6.3234 76.89
"376" 1624.205 0.7825 6.3118 76.84
"377" 1638.375 0.7854 6.3129 76.91
"378" 1648.05 0.7842 6.3152 76.85
"379" 1641.42 0.7827 6.3105 76.8
"380" 1639.49 0.7886 6.3125 76.97
"381" 1639.5 0.7889 6.3125 76.97
"382" 1641.34 0.7901 6.3137 76.82
"383" 1656.155 0.7856 6.3066 76.77
"384" 1653.54 0.7817 6.2994 76.77
"385" 1660.425 0.7761 6.2982 76.87
"386" 1655.99 0.7727 6.303 77.11
"387" 1666.53 0.7732 6.3055 77.02
"388" 1666.52 0.7736 6.3055 77.02
"389" 1671.565 0.7723 6.3042 76.99
"390" 1671.685 0.7687 6.3014 77.3
"391" 1667.965 0.7684 6.3 77.93
"392" 1715.555 0.7619 6.2933 77.61
"393" 1723.655 0.7617 6.2898 77.05
"394" 1738.69 0.7564 6.2885 76.7
"395" 1738.68 0.7565 6.2885 76.7
"396" 1730.155 0.7604 6.2956 76.6
"397" 1736.72 0.7605 6.2972 76.3
"398" 1741.795 0.7624 6.2957 76.18
"399" 1749.49 0.7601 6.2924 76.14
"400" 1752.11 0.7611 6.2941 76.32
"401" 1726.21 0.7601 6.2926 76.6
"402" 1726.235 0.7605 6.2926 76.6
"403" 1725.385 0.764 6.2953 76.62
"404" 1726.22 0.7602 6.2962 76.73
"405" 1743.32 0.7541 6.29 76.95
"406" 1735.4 0.7534 6.2896 77.25
"407" 1723.995 0.7555 6.2911 77.65
"408" 1722.03 0.7578 6.292 77.62
"409" 1722.095 0.7577 6.292 77.62
"410" 1725.98 0.7555 6.2922 77.62
"411" 1718.76 0.76 6.2957 77.99
"412" 1726.25 0.7619 6.297 78.44
"413" 1721.655 0.7669 6.3004 78.65
"414" 1729.19 0.7609 6.2973 79.15
"415" 1723.36 0.7609 6.2962 79.56
"416" 1723.42 0.7604 6.2963 79.57
"417" 1733.29 0.7561 6.2942 79.55
"418" 1742.07 0.7551 6.2966 79.72
"419" 1758.245 0.7555 6.2979 80.08
"420" 1777.67 0.7528 6.2989 80.18
"421" 1778.01 0.7461 6.2977 80.45
"422" 1772.445 0.7434 6.2974 81.2
"423" 1772.41 0.7433 6.2974 81.19
"424" 1772.34 0.7448 6.3006 80.84
"425" 1775.59 0.7446 6.3003 80.48
"426" 1770.55 0.7443 6.2959 80.61
"427" 1714.93 0.7504 6.2996 81.11
"428" 1715.93 0.7541 6.2981 81.46
"429" 1712.54 0.7577 6.2983 81.81
"430" 1712.47 0.7577 6.2983 81.81
"431" 1706.935 0.7574 6.3057 81.47
"432" 1691.19 0.7593 6.3142 81.16
"433" 1678.01 0.7614 6.3182 80.85
"434" 1692.42 0.7575 6.3168 81.4
"435" 1702.39 0.7572 6.313 81.93
"436" 1713.91 0.762 6.3115 82.48
"437" 1713.92 0.7621 6.3115 82.48
"438" 1704.785 0.7624 6.323 82.27
"439" 1696.28 0.7616 6.3315 82.53
"440" 1661.65 0.766 6.3418 83.37
"441" 1647.7 0.7662 6.3364 83.67
"442" 1656.365 0.7629 6.3263 83.51
"443" 1660.02 0.759 6.324 83.44
"444" 1660.02 0.759 6.324 83.43
"445" 1660.585 0.7585 6.3208 83.35
"446" 1654.455 0.7562 6.3248 83.55
"447" 1652.745 0.7553 6.3299 83.71
"448" 1644.325 0.7577 6.3256 83.01
"449" 1652.215 0.7558 6.3173 82.59
"450" 1661.975 0.7536 6.3165 82.35
"451" 1661.97 0.7536 6.3165 82.36
"452" 1671.45 0.7528 6.3171 82.73
"453" 1688.61 0.7493 6.3185 82.96
"454" 1674.755 0.7504 6.3226 82.94
"455" 1659.105 0.7518 6.3233 82.49
"456" 1664.01 0.7497 6.3185 82.28
"457" 1668.32 0.7495 6.3175 82.87
"458" 1668.395 0.7494 6.3175 82.88
"459" 1671.9 0.7498 6.3145 82.67
"460" 1672.955 0.7507 6.31 82.15
"461" 1633.2 0.7591 6.3151 82.6
"462" 1625.56 0.7631 6.3179 82.26
"463" 1633.855 0.7648 6.3171 82.06
"464" 1640 0.7636 6.31 81.64
"465" 1640.08 0.7636 6.31 81.63
"466" 1642.245 0.7645 6.3195 81.43
"467" 1648.31 0.7634 6.3213 81.23
"468" 1657.55 0.7631 6.3226 80.83
"469" 1662.865 0.7607 6.3183 80.93
"470" 1670.075 0.7609 6.3091 80.98
"471" 1658.4 0.7646 6.307 80.92
"472" 1658.4 0.7647 6.307 80.92
"473" 1650.255 0.7662 6.3171 80.68
"474" 1650.675 0.7617 6.3144 80.59
"475" 1646.965 0.7628 6.3148 81.27
"476" 1641.525 0.7621 6.3167 81.49
"477" 1642.86 0.7592 6.3154 81.62
"478" 1643.06 0.7566 6.3123 81.53
"479" 1643.05 0.757 6.3123 81.57
"480" 1636.75 0.7598 6.3146 81.24
"481" 1639.41 0.7593 6.3172 81.13
"482" 1641.495 0.7574 6.3148 81.35
"483" 1650.35 0.756 6.3096 81.06
"484" 1658.485 0.7566 6.31 80.74
"485" 1662.99 0.7545 6.3085 80.3
"486" 1662.99 0.7546 6.3085 80.31
"487" 1662.66 0.7555 6.3063 80.09
"488" 1664.26 0.7551 6.3047 79.93
"489" 1656.095 0.7584 6.3033 80.22
"490" 1644.085 0.7607 6.304 80.26
"491" 1636.6 0.7615 6.3053 80.09
"492" 1642.37 0.7643 6.3053 79.86
"493" 1642.365 0.7647 6.3053 79.85
"494" 1638.605 0.7682 6.3134 79.85
"495" 1623.945 0.7678 6.3113 79.88
"496" 1592.84 0.7711 6.3099 79.73
"497" 1593.24 0.7723 6.3111 79.77
"498" 1585.22 0.7734 6.3121 79.89
"499" 1579.48 0.7741 6.313 79.94
"500" 1579.545 0.7742 6.313 79.94
"501" 1570.4 0.7771 6.3197 79.94
"502" 1555.77 0.7806 6.3213 79.98
"503" 1539.385 0.7859 6.3286 80.35
"504" 1555.19 0.7863 6.3273 80.04
"505" 1582.935 0.7873 6.3289 79.29
"506" 1593.14 0.7829 6.3285 79.03
"507" 1593.155 0.783 6.3285 79.02
"508" 1593.26 0.7826 6.3246 79.26
"509" 1584.39 0.7832 6.3202 79.66
"510" 1557.295 0.7913 6.328 79.57
"511" 1561.965 0.7957 6.3329 79.47
"512" 1562.115 0.7975 6.3384 79.63
"513" 1572.91 0.7988 6.3375 79.69
"514" 1572.945 0.7979 6.3375 79.68
"515" 1576.58 0.7957 6.3335 79.45
"516" 1571.105 0.7984 6.3339 79.51
"517" 1553.025 0.8038 6.3409 79.25
"518" 1563.44 0.8077 6.3503 78.7
"519" 1576.42 0.8088 6.3496 78.3
"520" 1624.25 0.8042 6.348 78.02
"521" 1624.25 0.8051 6.348 78.02
"522" 1619.235 0.8038 6.343 78.19
"523" 1618.23 0.8018 6.3368 78.45
"524" 1627.96 0.7999 6.3335 78.98
"525" 1612.985 0.7953 6.3253 79.45
"526" 1581.245 0.7998 6.3262 79.42
"527" 1593.56 0.7993 6.329 79.47
"528" 1593.875 0.7973 6.329 79.49
"529" 1596.43 0.7949 6.3234 79.52
"530" 1597.87 0.8007 6.329 79.46
"531" 1613.32 0.798 6.3258 79.53
"532" 1619.85 0.795 6.3203 79.36
"533" 1625.23 0.7918 6.313 78.94
"534" 1627.34 0.7913 6.3132 78.72
"535" 1627.34 0.7909 6.3132 78.73
"536" 1622.945 0.7906 6.3103 79.1
"537" 1626.935 0.7918 6.308 78.98
"538" 1614.16 0.7881 6.3067 79.11
"539" 1591.595 0.791 6.3084 79.85
"540" 1566.745 0.7967 6.3127 80.34
"541" 1572.69 0.7956 6.3116 80.43
"542" 1572.69 0.7957 6.3116 80.43
"543" 1574.44 0.7993 6.3208 80
"544" 1580.55 0.8001 6.3212 79.52
"545" 1572.075 0.8011 6.3164 79.59
"546" 1567.42 0.8027 6.315 79.44
"547" 1575.89 0.7951 6.3143 79.53
"548" 1597.58 0.7896 6.3125 79.8
"549" 1597.58 0.7896 6.3125 79.8
"550" 1594.825 0.7926 6.3116 79.65
"551" 1608.695 0.7941 6.3079 79.74
"552" 1616.435 0.7955 6.3035 79.8
"553" 1612.98 0.8018 6.3073 79.85
"554" 1596.035 0.8096 6.3135 79.8
"555" 1583.82 0.8139 6.3175 79.66
"556" 1583.82 0.814 6.3175 79.66
"557" 1583.89 0.8135 6.3195 79.62
"558" 1585.81 0.8139 6.3139 79.46
"559" 1574.815 0.8158 6.3111 79.41
"560" 1568.625 0.8187 6.3144 79.42
"561" 1579.58 0.819 6.3131 79.27
"562" 1589.55 0.8164 6.3111 79.18
"563" 1589.55 0.8163 6.3111 79.19
"564" 1588.8 0.8171 6.3127 79
"565" 1590.16 0.8145 6.3098 78.99
"566" 1579.42 0.8149 6.3081 78.98
"567" 1580.77 0.8143 6.3055 78.63
"568" 1582.32 0.818 6.305 78.58
"569" 1584.53 0.8226 6.3061 78.49
"570" 1584.53 0.8228 6.3061 78.49
"571" 1576.61 0.8255 6.3149 78.28
"572" 1576.86 0.8265 6.3192 78.24
"573" 1591.895 0.826 6.3233 78.19
"574" 1609.53 0.8196 6.3862 78.17
"575" 1619.065 0.8129 6.3205 78.33
"576" 1623.53 0.8117 6.3184 78.43
"577" 1623.53 0.8117 6.3184 78.43
"578" 1620.78 0.8148 6.3201 78.3
"579" 1621.2 0.8142 6.3172 78.18
"580" 1610.03 0.8134 6.3162 78.16
"581" 1598.315 0.8179 6.3218 78.34
"582" 1595.07 0.8162 6.322 78.35
"583" 1603.55 0.8074 6.3179 78.46
"584" 1603.545 0.8074 6.3179 78.46
"585" 1608.15 0.8071 6.3216 78.37
"586" 1612.315 0.8059 6.3216 78.42
"587" 1610.84 0.8083 6.3244 78.47
"588" 1614.795 0.8107 6.3247 78.52
"589" 1615.6 0.8139 6.3287 78.43
"590" 1620.16 0.8138 6.3294 78.27
"591" 1620.165 0.8138 6.3294 78.27
"592" 1619.835 0.8122 6.3293 78.29
"593" 1608.275 0.8102 6.3307 78.58
"594" 1600.64 0.8126 6.3369 78.85
"595" 1607.43 0.8126 6.3408 79.2
"596" 1616.03 0.8101 6.3401 79.42
"597" 1615.75 0.8108 6.3407 79.56
"598" 1615.75 0.8107 6.3407 79.56
"599" 1617.9 0.8107 6.3415 79.49
"600" 1628.21 0.8059 6.3354 79.38
"601" 1641.165 0.8018 6.3326 79.17
"602" 1663.495 0.7968 6.3286 78.54
"603" 1667.975 0.7976 6.3299 78.59
"604" 1670.43 0.7993 6.331 78.67
"605" 1670.435 0.7993 6.331 78.67
"606" 1671.805 0.7992 6.336 78.72
"607" 1664.235 0.7984 6.3378 78.58
"608" 1664.005 0.7969 6.3366 78.62
"609" 1657.38 0.798 6.3374 78.63
"610" 1664.455 0.797 6.3361 78.45
"611" 1691.885 0.7952 6.3351 78.39
"612" 1691.885 0.7953 6.3351 78.38
"613" 1690.465 0.795 6.3363 78.3
"614" 1693.915 0.7943 6.3358 78.38
"615" 1692.59 0.7961 6.3399 78.41
"616" 1701.29 0.7928 6.3382 78.6
"617" 1709.5 0.7875 6.3339 78.68
"618" 1735.76 0.7803 6.3321 78.23
"619" 1735.76 0.7804 6.3321 78.23
"620" 1733.455 0.7821 6.3354 78.26
"621" 1731.185 0.7811 6.3352 78.04
"622" 1735.65 0.7764 6.3322 77.86
"623" 1737.57 0.7739 6.3337 77.65
"624" 1772.205 0.7656 6.3239 77.89
"625" 1770.47 0.7618 6.3207 78.4
"626" 1770.465 0.7618 6.3207 78.39
"627" 1770.42 0.7623 6.3254 78.47
"628" 1761.555 0.7648 6.3335 78.66
"629" 1771.495 0.7665 6.3337 78.72
"630" 1765.795 0.7702 6.3328 78.27
"631" 1773.735 0.7699 6.3299 78.2
"632" 1773.07 0.7705 6.3276 78.17
"633" 1773.07 0.7705 6.3276 78.17
"634" 1763.18 0.7731 6.3327 78.01
"635" 1766.035 0.7734 6.3352 77.82
"636" 1757.49 0.7768 6.3371 77.75
"637" 1761.525 0.7764 6.3343 77.67
"638" 1777.14 0.7748 6.3282 77.69
"639" 1772.26 0.7777 6.3265 77.92
"640" 1772.26 0.7777 6.3265 77.93
"641" 1771.79 0.7773 6.3283 77.97
"642" 1777.41 0.7745 6.3267 78.08
"643" 1775.87 0.7748 6.3267 78.32
"644" 1785.625 0.7719 6.3245 78.52
"645" 1788.24 0.7679 6.3194 78.54
"646" 1780.76 0.767 6.3187 78.67
"647" 1780.755 0.7671 6.3187 78.67
"648" 1773.195 0.7703 6.3209 78.41
"649" 1773.125 0.773 6.324 78.3
"650" 1763.33 0.7766 6.3264 78.26
"651" 1766.2 0.7757 6.3195 78.22
"652" 1765.87 0.7722 6.302 78.4
"653" 1753.99 0.7721 6.2995 78.44
"654" 1753.995 0.7721 6.2995 78.44
"655" 1742.825 0.7729 6.2939 78.61
"656" 1740.7 0.7691 6.2943 78.84
"657" 1750.09 0.7628 6.2897 78.79
"658" 1746.425 0.7634 6.2906 79.18
"659" 1733.84 0.7662 6.2965 79.31
"660" 1721.72 0.7677 6.3012 79.31
"661" 1721.72 0.7679 6.3012 79.31
"662" 1724.265 0.7664 6.2969 79.63
"663" 1717.64 0.7681 6.2979 79.86
"664" 1707.935 0.7712 6.2974 79.82
"665" 1711.06 0.7707 6.287 80.09
"666" 1709.9 0.7733 6.2829 79.94
"667" 1711.27 0.773 6.2844 79.65
"668" 1711.27 0.773 6.2844 79.65
"669" 1711.92 0.7744 6.288 79.69
"670" 1710.85 0.7731 6.2904 79.64
"671" 1716.155 0.7709 6.2862 79.73
"672" 1720.12 0.772 6.287 80.02
"673" 1701.745 0.7757 6.2897 80.33
"674" 1677.98 0.779 6.2919 80.44
"675" 1677.98 0.779 6.2919 80.44
"676" 1680.585 0.781 6.2926 80.34
"677" 1692.32 0.7814 6.2906 80.21
"678" 1718.96 0.7809 6.2891 80.11
"679" 1719.465 0.7843 6.2906 79.82
"680" 1733.36 0.7852 6.2853 79.43
"681" 1731.12 0.7867 6.2843 79.49
"682" 1731.11 0.7867 6.2843 79.49
"683" 1733.49 0.7863 6.2756 79.46
"684" 1726.015 0.7877 6.2705 79.42
"685" 1726.995 0.7857 6.2679 79.85
"686" 1721.855 0.7841 6.2758 80.8
"687" 1713.27 0.7844 6.2848 81.16
"688" 1713.94 0.7848 6.2871 81.3
"689" 1713.96 0.7848 6.2871 81.31
"690" 1724.64 0.7829 6.2829 81.26
"691" 1731.675 0.7813 6.2786 81.43
"692" 1726.595 0.7813 6.2791 82.11
"693" 1730.515 0.7776 6.2784 82.52
"694" 1735.88 0.7745 6.2749 82.33
"695" 1750.79 0.7707 6.2728 82.4
"696" 1750.79 0.7707 6.2728 82.4
"697" 1749.495 0.7714 6.2753 82.21
"698" 1747.78 0.7714 6.2745 82.13
"699" 1732.58 0.7738 6.2784 81.91
"700" 1723.03 0.7713 6.2763 82.1
"701" 1715.03 0.7694 6.2288 82.47
"702" 1714.88 0.7701 6.2761 82.48
"703" 1714.88 0.7702 6.2761 82.48
"704" 1717.6 0.7672 6.2791 82.3
"705" 1705.63 0.7651 6.2795 82.01
"706" 1698.77 0.7638 6.2793 82.17
"707" 1693.51 0.7671 6.2843 82.41
"708" 1700.83 0.7726 6.2874 82.43
"709" 1704.26 0.7736 6.2883 82.49
"710" 1704.27 0.7736 6.2883 82.49
"711" 1709.49 0.7743 6.2884 82.38
"712" 1709.905 0.7713 6.2901 82.41
"713" 1712.8 0.7677 6.2868 82.8
"714" 1699.45 0.765 6.2856 83.45
"715" 1697 0.7633 6.2875 83.66
"716" 1696.04 0.7597 6.2868 83.51
"717" 1696.06 0.7596 6.2868 83.55
"718" 1693.68 0.7598 6.289 83.91
"719" 1694.15 0.7585 6.289 83.97
"720" 1672.365 0.7547 6.2874 84.36
"721" 1661.5 0.7557 6.292 84.2
"722" 1648.935 0.7575 6.3011 84.14
"723" 1657.015 0.7583 6.304 84.24
"724" 1657.04 0.7583 6.304 84.24
"725" 1659.565 0.758 6.3063 84.51
"726" 1658.455 0.7583 6.3054 84.77
"727" 1659.415 0.7577 6.3076 85.02
"728" 1658.62 0.7552 6.3142 85.81
"729" 1660.495 0.7562 6.3093 86.23
"730" 1656.075 0.7566 6.3086 85.9
"731" 1656.09 0.7566 6.3086 85.89
"732" 1663.6 0.7574 6.309 86.17
"733" 1676.24 0.7578 6.3087 86.62
"734" 1682.61 0.7555 6.2978 87.03
"735" 1682.065 0.7615 6.2978 87.13
"736" 1648.505 0.7672 6.302 87.92
"737" 1655.825 0.7652 6.3005 88.15
"738" 1655.77 0.7652 6.3005 88.15
"739" 1654.07 0.7655 6.3004 87.91
"740" 1652.52 0.7631 6.2923 87.43
"741" 1659.68 0.7652 6.2859 87.51
"742" 1664.09 0.7625 6.2734 88.13
"743" 1669.03 0.7525 6.2692 89.01
"744" 1662.875 0.7495 6.2697 89.18
"745" 1662.875 0.7494 6.2697 89.19
"746" 1666.99 0.748 6.2722 89.41
"747" 1676.115 0.749 6.2728 88.95
"748" 1680.545 0.7524 6.2185 88.35
"749" 1682.02 0.7504 6.2209 89
"750" 1689.085 0.7489 6.2734 89.93
"751" 1684.41 0.7508 6.2734 90.08
"752" 1684.395 0.7508 6.2734 90.08
"753" 1688.965 0.751 6.276 89.71
"754" 1692.18 0.7506 6.2757 89.07
"755" 1691.45 0.751 6.2765 88.52
"756" 1678.22 0.75 6.2783 89.36
"757" 1665.605 0.7454 6.2844 90.72
"758" 1658.78 0.7428 6.2877 90.88
"759" 1658.77 0.7428 6.2877 90.88
"760" 1657.895 0.7434 6.2932 90.88
"761" 1660.93 0.7432 6.2936 90.66
"762" 1669.65 0.7394 6.2859 91.04
"763" 1673.08 0.7371 6.2852 91.06
"764" 1666 0.7335 6.2883 92.12
"765" 1667.46 0.7331 6.2893 92.83
"766" 1667.46 0.7331 6.2893 92.83
"767" 1669 0.7357 6.2932 92.71
"768" 1674.55 0.7393 6.2923 92.78
"769" 1673.76 0.7381 6.2937 93.65
"770" 1676.54 0.7411 6.2944 93.55
"771" 1670.17 0.7467 6.291 93.04
"772" 1667.34 0.7482 6.2893 92.65
"773" 1667.315 0.7482 6.2893 92.65
"774" 1660.5 0.7472 6.2899 92.99
"775" 1647.02 0.7454 6.2898 93.97
"776" 1648.61 0.7431 6.2874 93.35
"777" 1643.14 0.7469 6.2861 93.32
"778" 1624.66 0.749 6.2842 92.93
"779" 1610.04 0.7485 6.2849 93.5
"780" 1610.08 0.7485 6.2849 93.5
"781" 1612.455 0.7493 6.2881 93.95
"782" 1610.765 0.7487 6.2877 93.63
"783" 1596.485 0.7471 6.2846 93.54
"784" 1569.385 0.7558 6.288 93.32
"785" 1579.015 0.758 6.2879 93.27
"786" 1581.34 0.7581 6.2875 93.41
"787" 1581.38 0.7581 6.2875 93.41
"788" 1586.7 0.7572 6.2882 93.81
"789" 1598.79 0.7652 6.2882 92.01
"790" 1607.925 0.7644 6.2858 91.83
"791" 1592.145 0.7622 6.2817 92.35
"792" 1577.67 0.7668 6.2816 92.87
"793" 1576.33 0.768 6.2836 93.59
"794" 1576.35 0.768 6.2836 93.59
"795" 1577.03 0.7687 6.2852 93.46
"796" 1578.68 0.7672 6.2829 93.27
"797" 1577.4 0.7672 6.2777 93.44
"798" 1581.345 0.7676 6.2775 94.26
"799" 1577.585 0.7654 6.2748 95.52
"800" 1578.775 0.769 6.2768 96
"801" 1578.79 0.769 6.2768 96
"802" 1579.885 0.7689 6.2761 96.14
"803" 1587.245 0.7676 6.2747 96.23
"804" 1591.96 0.769 6.273 95.91
"805" 1587.52 0.7714 6.2763 96.11
"806" 1592.505 0.7669 6.2167 95.88
"807" 1592.075 0.7648 6.2727 95.27
"808" 1592.075 0.7648 6.2727 95.27
"809" 1602.595 0.7734 6.2776 94.91
"810" 1606.6 0.7733 6.2794 95.32
"811" 1610.455 0.7748 6.2783 95.35
"812" 1610.09 0.7738 6.2771 95.53
"813" 1611.585 0.7731 6.2752 94.73
"814" 1608.805 0.77 6.2739 94.47
"815" 1608.805 0.77 6.2739 94.47
"816" 1605.51 0.7713 6.2729 94.59
"817" 1600.76 0.7775 6.2725 94.28
"818" 1600.135 0.7803 6.2756 94.52
"819" 1602.055 0.7814 6.2784 94.18
"820" 1596.945 0.7801 6.2749 94.13
"821" 1596.95 0.7802 6.2741 94.21
"822" 1596.95 0.7802 6.2741 94.21
"823" 1598.32 0.7803 6.2717 93.74
"824" 1592.995 0.7786 6.263 93.18
"825" 1568.2 0.7798 6.2609 93.3
"826" 1550.1 0.7784 6.2646 94.78
"827" 1559.785 0.7718 6.2664 96.7
"828" 1581.135 0.7697 6.2651 97.56
"829" 1581.135 0.7697 6.2651 97.56
"830" 1576.545 0.7691 6.2673 98.71
"831" 1577.765 0.7662 6.262 99.14
"832" 1578.34 0.7644 6.2502 99.36
"833" 1560.415 0.764 6.2476 99.63
"834" 1540.245 0.7639 6.2449 99.26
"835" 1483.185 0.7627 6.2461 98.4
"836" 1483.185 0.7627 6.2461 98.4
"837" 1423.25 0.7645 6.2446 97.97
"838" 1368.55 0.7635 6.2417 97.47
"839" 1378.475 0.7617 6.235 97.95
"840" 1381.35 0.7662 6.2358 98.14
"841" 1402.225 0.7651 6.2352 98.9
"842" 1403.87 0.7662 6.2378 99.52
"843" 1403.87 0.7662 6.2378 99.52
"844" 1421.63 0.766 6.2401 99.64
"845" 1418.995 0.768 6.237 99.07
"846" 1423.86 0.7691 6.2342 99.47
"847" 1446.925 0.7673 6.2273 99.33
"848" 1467.865 0.768 6.2201 98.61
"849" 1462.325 0.7675 6.2184 98.05
"850" 1462.325 0.7675 6.2184 98.05
"851" 1469.595 0.7649 6.2151 97.84
"852" 1471.58 0.7628 6.2125 97.69
"853" 1465.915 0.7585 6.211 97.35
"854" 1460.235 0.7612 6.2072 97.54
"855" 1471.545 0.7638 6.207 98.41
"856" 1470.85 0.7625 6.2061 99
"857" 1470.85 0.7625 6.2061 99
"858" 1472.585 0.7632 6.2105 99.25
"859" 1459.375 0.7642 6.2048 99.12
"860" 1459.49 0.7621 6.1899 98.91
"861" 1469.155 0.7616 6.1831 99.15
"862" 1447.505 0.7686 6.1964 101.25
"863" 1448.305 0.7698 6.2029 101.62
"864" 1448.305 0.7698 6.2029 101.62
"865" 1434.455 0.7708 6.2014 101.8
"866" 1433.81 0.7703 6.1982 101.76
"867" 1413.325 0.7753 6.2032 102.33
"868" 1387.08 0.7763 6.2065 102.27
"869" 1376.37 0.7779 6.2028 102.57
"870" 1359.505 0.7789 6.2041 103.22
"871" 1359.505 0.7789 6.2041 103.22
"872" 1359.105 0.7779 6.1974 102.59
"873" 1383.11 0.7761 6.1889 102.55
"874" 1378.945 0.7747 6.189 102.85
"875" 1379.655 0.7764 6.1914 102.2
"876" 1389.72 0.7732 6.1854 101.58
"877" 1386.605 0.7733 6.1839 101.28
"878" 1386.605 0.7733 6.1839 101.28
"879" 1392.435 0.7732 6.1781 101.03
"880" 1386.585 0.775 6.1801 101.92
"881" 1387.225 0.7755 6.1853 101.68
"882" 1403.83 0.77 6.1839 101.02
"883" 1408.18 0.7687 6.184 100.79
"884" 1387.96 0.7694 6.1846 100.46
"885" 1387.96 0.7694 6.1846 100.46
"886" 1399.5 0.7678 6.1806 100.11
"887" 1404.605 0.7651 6.176 99.96
"888" 1402.03 0.7645 6.1748 99.67
"889" 1403.57 0.7609 6.1745 98.68
"890" 1402.93 0.7555 6.1695 96.85
"891" 1382.94 0.7565 6.1694 97.56
"892" 1382.94 0.7565 6.1694 97.56
"893" 1383.68 0.7568 6.171 98.5
"894" 1379.055 0.7534 6.17 97.58
"895" 1380.945 0.7513 6.1663 96.27
"896" 1385.715 0.7496 6.1638 94.73
"897" 1385.62 0.7497 6.1597 94.89
"898" 1390.54 0.7493 6.1607 94.09
"899" 1390.54 0.7493 6.1607 94.09
"900" 1387.025 0.7497 6.1557 94.73
"901" 1376.71 0.7478 6.1656 95.08
"902" 1368 0.7473 6.1713 95.38
"903" 1317.485 0.7555 6.1851 97.37
"904" 1290.545 0.7579 6.1878 97.54
"905" 1296.35 0.7622 6.1893 97.9
"906" 1296.35 0.7622 6.1893 97.9
"907" 1287.51 0.7631 6.1987 98.04
"908" 1281.085 0.7627 6.196 97.61
"909" 1245.61 0.7665 6.1953 97.71
"910" 1229.305 0.7676 6.1919 98.06
"911" 1207.06 0.7668 6.1836 98.93
"912" 1234.685 0.7687 6.1807 99.14
"913" 1234.685 0.7687 6.1807 99.14
"914" 1243.7 0.7672 6.1799 99.52
"915" 1254.22 0.7672 6.1793 99.98
"916" 1248.33 0.7706 6.1845 100.18
"917" 1251.585 0.771 6.1796 99.89
"918" 1234.195 0.7769 6.182 100.49
"919" 1223.095 0.7794 6.1847 101.19
"920" 1223.095 0.7794 6.1847 101.19
"921" 1228.305 0.7786 6.1853 101.16
"922" 1248.745 0.7786 6.1805 101.09
"923" 1251.95 0.7803 6.1778 100.53
"924" 1283.27 0.7652 6.1737 99.09
"925" 1280.655 0.7654 6.178 99.18
"926" 1285.59 0.7653 6.1789 99.21
"927" 1285.59 0.7653 6.1789 99.21
"928" 1286.415 0.7661 6.1785 99.63
"929" 1286.65 0.7634 6.1743 99.58
"930" 1286.61 0.7612 6.1698 99.46
"931" 1280.395 0.7632 6.1778 100.13
"932" 1290.39 0.7619 6.1779 100.32
"933" 1296.11 0.7609 6.1772 100.61
"934" 1296.11 0.7609 6.1772 100.61
"935" 1320.305 0.7594 6.1745 99.89
"936" 1334.545 0.7578 6.1721 99.64
"937" 1336.845 0.7566 6.1724 99.94
"938" 1322.56 0.7567 6.1752 99.88
"939" 1330.58 0.7532 6.1719 98.67
"940" 1333.27 0.7531 6.1716 98.27
"941" 1333.27 0.7531 6.1716 98.27
"942" 1329.88 0.7534 6.1744 97.92
"943" 1325.69 0.754 6.1767 98.09
"944" 1325.78 0.7537 6.1791 98.01
"945" 1320.245 0.7546 6.177 98.65
"946" 1302.695 0.7556 6.1757 99.37
"947" 1311.83 0.753 6.1745 98.95
"948" 1311.83 0.753 6.1745 98.95
"949" 1310.15 0.7537 6.1698 98.64
"950" 1292.42 0.7532 6.1684 98.07
"951" 1281.495 0.7514 6.1663 97.03
"952" 1296.45 0.7487 6.1622 96.4
"953" 1312.005 0.7481 6.1607 96.51
"954" 1314.5 0.7495 6.1619 96.21
"955" 1314.5 0.7495 6.1619 96.21
"956" 1331.03 0.7512 6.1637 96.55
"957" 1330.835 0.7528 6.1663 97.73
"958" 1325.685 0.7542 6.1659 98.18
"959" 1341.995 0.7528 6.1615 97.85
"960" 1366.7 0.7496 6.1587 97.47
"961" 1376.7 0.7503 6.1586 97.53
"962" 1376.7 0.7503 6.1586 97.53
"963" 1373.51 0.7498 6.1642 97.72
"964" 1367.135 0.7476 6.1635 97.38
"965" 1368.14 0.7465 6.162 97.51
"966" 1367.925 0.7494 6.1631 98.33
"967" 1381.575 0.7485 6.1608 98.85
"968" 1397.78 0.7473 6.1598 98.74
"969" 1397.78 0.7473 6.1598 98.74
"970" 1396.38 0.7476 6.1592 98.6
"971" 1409.185 0.7479 6.1613 97.8
"972" 1420.71 0.7484 6.1617 97.39
"973" 1410.7 0.753 6.1625 98.03
"974" 1401.005 0.7559 6.1636 98.21
"975" 1395.29 0.7564 6.1653 98.17
"976" 1395.29 0.7564 6.1653 98.17
"977" 1390.78 0.7573 6.1633 98.97
"978" 1397.735 0.7589 6.1662 99.51
"979" 1403.045 0.7588 6.1678 99.61
"980" 1385.375 0.7593 6.1682 99.89
"981" 1376.11 0.7612 6.1696 99.55
"982" 1391.87 0.7587 6.1684 99.11
"983" 1391.87 0.7587 6.1684 99.11
"984" 1387.825 0.7574 6.1641 99.6
"985" 1374.095 0.7543 6.1599 99.99
"986" 1364.155 0.7533 6.1578 100.23
"987" 1345.695 0.7516 6.1536 99.48
"988" 1318.855 0.7526 6.1523 99.55
"989" 1326.31 0.7521 6.1514 99.37
"990" 1326.31 0.7521 6.1514 99.37
"991" 1321.755 0.7487 6.1473 98.9
"992" 1314.005 0.7493 6.1492 99.18
"993" 1308.39 0.7479 6.1475 98.96
"994" 1365.57 0.739 6.1403 98.79
"995" 1353.19 0.7391 6.1419 99.39
"996" 1326 0.7393 6.1427 99.35
"997" 1326 0.7393 6.1427 99.35
"998" 1324.37 0.7399 6.141 98.99
"999" 1321.13 0.7413 6.1437 98.82
"1000" 1326.68 0.7411 6.1452 98.62
"1001" 1330.88 0.7405 6.1443 98.78
"1002" 1329.835 0.7403 6.1449 98.58
"1003" 1336.75 0.7395 6.1439 98.25
"1004" 1336.75 0.7395 6.1439 98.25
"1005" 1335.645 0.7403 6.1453 97.93
"1006" 1315.47 0.7387 6.1426 98.09
"1007" 1298.77 0.7383 6.14 97.6
"1008" 1313.32 0.7351 6.1368 97.5
"1009" 1314.565 0.7353 6.1343 97.22
"1010" 1310.91 0.7376 6.1343 97.47
"1011" 1310.91 0.7376 6.1343 97.47
"1012" 1316.705 0.7369 6.1359 97.03
"1013" 1323.62 0.7367 6.1357 96.95
"1014" 1312.375 0.7386 6.1381 97.26
"1015" 1301.385 0.7398 6.1371 97.83
"1016" 1281.91 0.7383 6.1315 98.37
"1017" 1272.13 0.7384 6.1307 98.58
"1018" 1272.13 0.7384 6.1307 98.58
"1019" 1276.35 0.7372 6.1255 98.3
"1020" 1270.41 0.7391 6.1252 98.51
"1021" 1279.58 0.7394 6.1264 98.53
"1022" 1300.445 0.7351 6.127 98.25
"1023" 1317.51 0.7311 6.1246 97.89
"1024" 1315.76 0.7307 6.1248 97.71
"1025" 1315.76 0.7307 6.1248 97.71
"1026" 1317.33 0.7312 6.1256 98.07
"1027" 1323.165 0.7295 6.1267 98.24
"1028" 1335.91 0.726 6.1229 97.55
"1029" 1339.905 0.7249 6.122 97.36
"1030" 1345.61 0.7245 6.1212 97.28
"1031" 1350.775 0.7245 6.1211 97.41
"1032" 1350.775 0.7245 6.1211 97.41
"1033" 1352.05 0.7246 6.1225 97.63
"1034" 1349.75 0.7262 6.1261 97.78
"1035" 1347.33 0.7273 6.1285 98.25
"1036" 1333.04 0.7315 6.1321 98.35
"1037" 1319.21 0.7391 6.1341 98.37
"1038" 1316.205 0.7414 6.1343 98.67
"1039" 1316.205 0.7414 6.1343 98.67
"1040" 1315.66 0.7408 6.1355 98.68
"1041" 1313.595 0.7412 6.1347 98.45
"1042" 1315.265 0.7405 6.1365 98.6
"1043" 1314.195 0.7422 6.1379 98.63
"1044" 1302.23 0.7465 6.1329 98.42
"1045" 1288.715 0.748 6.1322 99.05
"1046" 1288.725 0.748 6.1322 99.05
"1047" 1285.01 0.7473 6.1327 99.12
"1048" 1279.02 0.7458 6.1313 99.55
"1049" 1272.42 0.7443 6.1305 99.49
"1050" 1284.74 0.7428 6.1295 99.73
"1051" 1286.945 0.7428 6.131 100.22
"1052" 1290.395 0.741 6.1297 100.18
"1053" 1290.445 0.741 6.1297 100.18
"1054" 1283.595 0.7406 6.1273 100.1
"1055" 1274.57 0.74 6.1246 99.92
"1056" 1268.235 0.7398 6.1242 100.03
"1057" 1245.93 0.744 6.1287 100.67
"1058" 1244.375 0.7406 6.1302 101.18
"1059" 1243.725 0.7376 6.1294 101.28
"1060" 1243.74 0.7376 6.1294 101.28
"1061" 1238.76 0.7392 6.1301 101.65
"1062" 1249.335 0.7385 6.1301 101.45
"1063" 1245.305 0.7364 6.1292 101.7
"1064" 1241.435 0.7359 6.1294 102.19
"1065" 1247.01 0.735 6.1288 102.35
"1066" 1251.215 0.7358 6.129 102.45
"1067" 1251.215 0.7358 6.129 102.45
"1068" 1239.44 0.7369 6.1289 102.68
"1069" 1221.94 0.7373 6.1296 102.81
"1070" 1225.04 0.7363 6.1263 102.47
"1071" 1234.655 0.7345 6.126 102.09
"1072" 1228.735 0.7314 6.1198 102.24
"1073" 1228.945 0.7296 6.117 102.91
"1074" 1228.95 0.7296 6.117 102.91
"1075" 1231.625 0.7291 6.1113 103.09
"1076" 1248.935 0.7271 6.1084 103.09
"1077" 1258.28 0.7262 6.1098 102.63
"1078" 1243.97 0.726 6.1111 102.79
"1079" 1229.77 0.7278 6.114 103.46
"1080" 1238.86 0.7277 6.1132 103.25
"1081" 1238.89 0.7277 6.1132 103.26
"1082" 1237.01 0.7269 6.113 102.99
"1083" 1238.255 0.7267 6.1118 102.91
"1084" 1232.805 0.7267 6.1129 103
"1085" 1210.04 0.7315 6.1187 104.1
"1086" 1196.375 0.7325 6.1198 104.31
"1087" 1203.325 0.7313 6.1172 104.08
"1088" 1203.355 0.7313 6.1172 104.08
"1089" 1200.995 0.7307 6.1159 104.02
"1090" 1200.22 0.731 6.1173 104.26
"1091" 1204.045 0.7309 6.1182 104.24
"1092" 1207.33 0.7308 6.1212 104.7
"1093" 1212.625 0.7268 6.1158 104.89
"1094" 1213.425 0.7273 6.114 105.16
"1095" 1213.405 0.7273 6.114 105.16
"1096" 1207.255 0.7264 6.1122 105.23
"1097" 1200.645 0.7253 6.109 105.04
"1098" 1205.095 0.7252 6.1079 105.26
"1099" 1219.31 0.7291 6.1031 105.18
"1100" 1231.99 0.7332 6.1046 104.48
"1101" 1236.89 0.7359 6.1049 104.85
"1102" 1236.895 0.7359 6.1049 104.85
"1103" 1239.575 0.7351 6.1061 104.49
"1104" 1236.73 0.7339 6.1038 104.42
"1105" 1226.68 0.7351 6.1035 104.84
"1106" 1227.075 0.7359 6.1055 104.87
"1107" 1236.175 0.7341 6.0997 104.68
"1108" 1248.245 0.7315 6.095 104.18
"1109" 1248.31 0.7315 6.095 104.18
"1110" 1249.53 0.7318 6.0907 103.46
"1111" 1250.165 0.7315 6.0881 103.53
"1112" 1240.39 0.7338 6.0923 104.38
"1113" 1240.77 0.7347 6.0944 104.59
"1114" 1245.175 0.7359 6.093 104.33
"1115" 1253.86 0.7385 6.0936 104.33
"1116" 1253.87 0.7385 6.0936 104.33
"1117" 1255.62 0.7383 6.0946 104.12
"1118" 1248.3 0.7383 6.0969 104.46
"1119" 1241.05 0.7377 6.0998 104.35
"1120" 1245.5 0.735 6.1023 104.13
"1121" 1263.22 0.7307 6.1029 102.89
"1122" 1269.835 0.7311 6.1043 102.39
"1123" 1269.88 0.7311 6.1043 102.4
"1124" 1266.915 0.7311 6.1042 102.47
"1125" 1255.6 0.7318 6.102 102.81
"1126" 1257.91 0.7322 6.1029 102.82
"1127" 1255.825 0.7347 6.1056 102.45
"1128" 1244.085 0.739 6.1079 102.47
"1129" 1244.47 0.7415 6.1081 102.02
"1130" 1244.48 0.7415 6.1081 102.02
"1131" 1248.94 0.7408 6.1074 101.87
"1132" 1255.22 0.7399 6.1049 101.3
"1133" 1256.885 0.7397 6.1038 101.38
"1134" 1258.095 0.7382 6.1015 101.6
"1135" 1261.285 0.7357 6.1028 102.13
"1136" 1267.42 0.7334 6.1026 102.37
"1137" 1267.42 0.7334 6.1026 102.37
"1138" 1271.93 0.7336 6.1026 102.28
"1139" 1283.775 0.7322 6.1009 102.35
"1140" 1289.185 0.7345 6.1013 102.49
"1141" 1293.045 0.7332 6.1025 102.18
"1142" 1310.39 0.7305 6.101 101.92
"1143" 1318.815 0.7304 6.1 101.81
"1144" 1318.83 0.7304 6.1 101.81
"1145" 1325.8 0.7297 6.0996 101.79
"1146" 1321.855 0.7286 6.1014 102.32
"1147" 1318.96 0.727 6.1046 102.21
"1148" 1313.995 0.7287 6.1131 102.12
"1149" 1321.29 0.7288 6.1202 102.51
"1150" 1324.27 0.7279 6.124 102.48
"1151" 1324.295 0.7279 6.124 102.48
"1152" 1329.645 0.7279 6.1226 102.44
"1153" 1336.68 0.7277 6.1269 102.36
"1154" 1337 0.7288 6.1274 102.33
"1155" 1330.015 0.7309 6.1269 102.19
"1156" 1329 0.7272 6.1284 101.93
"1157" 1326.53 0.7245 6.131 101.79
"1158" 1326.56 0.7245 6.131 101.78
"1159" 1344.345 0.7262 6.1281 101.4
"1160" 1342.19 0.7277 6.1287 101.81
"1161" 1336.55 0.7282 6.1301 102.3
"1162" 1339.84 0.7263 6.1271 102.72
"1163" 1345.785 0.721 6.1243 103.1
"1164" 1340.095 0.7206 6.1261 103.25
"1165" 1340.08 0.7206 6.1261 103.25
"1166" 1337.09 0.7205 6.1369 103.19
"1167" 1344.475 0.7213 6.1412 103.22
"1168" 1359.02 0.7209 6.1399 102.83
"1169" 1370.26 0.7185 6.135 102.46
"1170" 1374.96 0.7204 6.1434 101.57
"1171" 1383.25 0.7189 6.1461 101.36
"1172" 1383.25 0.7189 6.1461 101.36
"1173" 1379.365 0.7189 6.1435 101.6
"1174" 1360.395 0.7184 6.1457 101.61
"1175" 1348.12 0.7189 6.151 101.62
"1176" 1329.39 0.7245 6.1619 102.39
"1177" 1334.355 0.7252 6.1574 102.29
"1178" 1334.565 0.7251 6.1553 102.25
"1179" 1334.565 0.7251 6.1553 102.25
"1180" 1322.205 0.7249 6.1498 102.35
"1181" 1312.455 0.7235 6.147 102.26
"1182" 1310.26 0.7244 6.1521 102.28
"1183" 1299.145 0.7263 6.1612 102.11
"1184" 1293.635 0.7276 6.1647 102.4
"1185" 1294.97 0.7272 6.1632 102.81
"1186" 1294.97 0.7272 6.1632 102.81
"1187" 1292.665 0.7264 6.1717 103.03
"1188" 1283.455 0.7253 6.1699 103.38
"1189" 1285.745 0.7253 6.1661 103.76
"1190" 1288.57 0.7274 6.1709 103.93
"1191" 1293.04 0.7296 6.1763 103.74
"1192" 1303.425 0.7297 6.1755 103.29
"1193" 1303.425 0.7297 6.1755 103.29
"1194" 1300.36 0.7289 6.1751 103.19
"1195" 1305.955 0.7264 6.1668 102.52
"1196" 1308.835 0.7245 6.1622 101.96
"1197" 1317.87 0.7212 6.1658 101.72
"1198" 1318.855 0.72 6.1687 101.58
"1199" 1318.615 0.7202 6.168 101.61
"1200" 1318.615 0.7202 6.168 101.61
"1201" 1325.915 0.7228 6.1747 101.67
"1202" 1311.795 0.7241 6.1761 101.82
"1203" 1301.23 0.7235 6.1749 102.19
"1204" 1299.765 0.7229 6.1723 102.17
"1205" 1295.785 0.7239 6.1742 102.42
"1206" 1295.795 0.7241 6.1751 102.42
"1207" 1295.795 0.7241 6.1751 102.42
"1208" 1288.755 0.7241 6.1783 102.57
"1209" 1287.4 0.7246 6.1799 102.59
"1210" 1284.62 0.7236 6.178 102.46
"1211" 1285.305 0.7235 6.1751 102.39
"1212" 1296.47 0.7228 6.173 102.22
"1213" 1302.88 0.7229 6.1712 102.19
"1214" 1302.88 0.7229 6.1712 102.19
"1215" 1301.095 0.7223 6.1659 102.29
"1216" 1294.825 0.7224 6.1616 102.57
"1217" 1293.065 0.723 6.1649 102.4
"1218" 1286.165 0.7209 6.1614 102.26
"1219" 1288.285 0.7215 6.1628 102.4
"1220" 1299.665 0.7209 6.1624 102.22
"1221" 1299.665 0.7209 6.1624 102.22
"1222" 1308.185 0.7207 6.1573 102.05
"1223" 1309.125 0.7191 6.1527 101.88
"1224" 1304.64 0.7182 6.1556 101.66
"1225" 1290.21 0.7193 6.1534 101.76
"1226" 1289.915 0.7244 6.1571 101.72
"1227" 1288.78 0.7268 6.1591 101.85
"1228" 1288.78 0.7268 6.1591 101.85
"1229" 1292.54 0.7267 6.1644 101.99
"1230" 1294.245 0.7281 6.1676 102.24
"1231" 1299.925 0.7293 6.1679 101.99
"1232" 1301.765 0.7299 6.1681 101.77
"1233" 1294.63 0.7295 6.1675 101.52
"1234" 1293.22 0.7303 6.1671 101.51
"1235" 1293.22 0.7303 6.1671 101.51
"1236" 1296.38 0.7293 6.1671 101.37
"1237" 1293.06 0.7298 6.1678 101.39
"1238" 1292.45 0.7305 6.1682 101.24
"1239" 1294.46 0.7316 6.1672 101.61
"1240" 1293.24 0.7333 6.17 101.83
"1241" 1292.37 0.7336 6.171 101.97
"1242" 1292.37 0.7336 6.171 101.97
"1243" 1292.675 0.7335 6.1741 101.92
"1244" 1281.74 0.733 6.1747 101.96
"1245" 1262.845 0.7344 6.1747 101.88
"1246" 1256.16 0.7351 6.1723 101.67
"1247" 1253.51 0.7345 6.171 101.69
"1248" 1249.665 0.7335 6.1706 101.74
"1249" 1249.665 0.7335 6.1706 101.74
"1250" 1245.925 0.7345 6.1724 102.1
"1251" 1244.855 0.7346 6.1732 102.41
"1252" 1245.305 0.7346 6.1724 102.64
"1253" 1247.25 0.7348 6.1718 102.54
"1254" 1253.43 0.7327 6.1633 102.41
"1255" 1253.125 0.7331 6.1599 102.48
"1256" 1253.125 0.7331 6.1599 102.48
"1257" 1253.835 0.7341 6.1498 102.52
"1258" 1256.24 0.7371 6.1444 102.37
"1259" 1261.535 0.7388 6.149 102.16
"1260" 1265.19 0.7386 6.1481 101.96
"1261" 1273.755 0.7381 6.1481 101.93
"1262" 1277.2 0.7384 6.1496 102.03
"1263" 1277.2 0.7384 6.1496 102.03
"1264" 1278.645 0.7382 6.1546 101.87
"1265" 1268.62 0.7376 6.1608 102.02
"1266" 1270.74 0.7375 6.1634 102.16
"1267" 1288.515 0.7348 6.1607 101.88
"1268" 1313.92 0.7352 6.1622 102
"1269" 1314.74 0.7353 6.163 102.08
"1270" 1314.74 0.7353 6.163 102.08
"1271" 1314.49 0.7356 6.1634 101.94
"1272" 1318.57 0.7351 6.1614 101.95
"1273" 1316.6 0.7344 6.1639 101.88
"1274" 1315.465 0.7343 6.1623 101.73
"1275" 1317.735 0.7339 6.1583 101.45
"1276" 1315.415 0.7327 6.1564 101.47
"1277" 1315.415 0.7327 6.1564 101.47
"1278" 1317.025 0.7321 6.1539 101.35
"1279" 1326.86 0.7306 6.1527 101.48
"1280" 1326.82 0.7318 6.1572 101.63
"1281" 1321.965 0.7333 6.1678 101.99
"1282" 1320.48 0.7353 6.1765 102.09
"1283" 1320.48 0.7355 6.2041 102.11
"1284" 1320.31 0.7356 6.1795 102.08
"1285" 1316.13 0.7357 6.178 102
"1286" 1318.63 0.7351 6.1713 101.71
"1287" 1323.23 0.7343 6.1694 101.63
"1288" 1334.03 0.734 6.1695 101.42
"1289" 1336.785 0.7351 6.1678 101.31
"1290" 1337.935 0.7349 6.1661 101.33
"1291" 1337.935 0.7349 6.1661 101.33
"1292" 1321.625 0.7346 6.1692 101.47
"1293" 1305.475 0.7353 6.1706 101.61
"1294" 1297.85 0.7382 6.1691 101.71
"1295" 1306.245 0.7393 6.1669 101.48
"1296" 1312.715 0.7396 6.1675 101.33
"1297" 1312.715 0.7394 6.208 101.34
"1298" 1311.17 0.7394 6.1677 101.33
"1299" 1312.555 0.7393 6.1651 101.32
"1300" 1308.87 0.7409 6.1644 101.48
"1301" 1306.96 0.7427 6.1617 101.45
"1302" 1297.305 0.7427 6.1592 101.63
"1303" 1295.475 0.7434 6.1617 101.81
"1304" 1306.375 0.7446 6.1633 101.83
"1305" 1306.375 0.7446 6.1633 101.83
"1306" 1304.81 0.7444 6.1628 101.82
"1307" 1304.225 0.7448 6.164 101.98
"1308" 1297.91 0.7464 6.1667 102.38
"1309" 1291.685 0.7468 6.1716 102.83
"1310" 1287.295 0.7462 6.1697 102.78
"1311" 1294.49 0.7445 6.1671 102.61
"1312" 1294.49 0.7445 6.1671 102.61
"1313" 1291.85 0.7451 6.1648 102.58
"1314" 1289.115 0.7464 6.1627 102.63
"1315" 1295.985 0.7483 6.164 102.41
"1316" 1307.25 0.7478 6.1662 102.2
"1317" 1313.705 0.7472 6.1603 101.9
"1318" 1309.875 0.7457 6.1562 102.03
"1319" 1309.875 0.7455 6.1565 102.02
"1320" 1308.255 0.7467 6.1554 102.13
"1321" 1310.18 0.7483 6.1568 102.25
"1322" 1310.01 0.7482 6.1567 102.37
"1323" 1313.07 0.748 6.1528 102.48
"1324" 1308.94 0.7476 6.1512 102.48
"1325" 1305.025 0.7463 6.1506 102.35
"1326" 1305.025 0.7463 6.1506 102.35
"1327" 1300.345 0.7473 6.1486 102.45
"1328" 1298.3 0.7495 6.1498 102.69
"1329" 1294.58 0.7521 6.1542 103.24
"1330" 1282.385 0.7539 6.1624 103.81
"1331" 1279.28 0.7537 6.161 103.83
"1332" 1281.145 0.7552 6.1615 103.95
"1333" 1281.145 0.7552 6.1615 103.95
"1334" 1278.02 0.7577 6.1631 104.08
"1335" 1283.095 0.758 6.1624 103.97
"1336" 1283.61 0.7588 6.1615 103.97
"1337" 1288.305 0.758 6.1615 103.76
"1338" 1288.045 0.7593 6.1625 103.87
"1339" 1288.045 0.7614 6.1434 104.09
"1340" 1287.585 0.7615 6.1639 104.08
"1341" 1287.31 0.7615 6.164 104.22
"1342" 1275.345 0.762 6.1648 104.84
"1343" 1267.49 0.7611 6.1615 105.02
"1344" 1269.52 0.7647 6.1575 104.98
"1345" 1264.475 0.7724 6.1604 105.2
"1346" 1269.11 0.7722 6.1592 105.08
"1347" 1269.11 0.7722 6.1592 105.08
"1348" 1264.205 0.7729 6.1607 105.33
"1349" 1254.97 0.7755 6.1575 106.21
"1350" 1252.79 0.7736 6.1476 106.54
"1351" 1244.985 0.7738 6.1441 106.9
"1352" 1235.365 0.7733 6.1457 107.23
"1353" 1229.415 0.7714 6.1465 107.35
"1354" 1229.415 0.7714 6.1465 107.35
"1355" 1233.155 0.7725 6.1531 107.24
"1356" 1236.09 0.7724 6.154 107.13
"1357" 1235.265 0.7723 6.1503 107.39
"1358" 1223.37 0.7763 6.1526 108.65
"1359" 1221.53 0.7765 6.1474 108.96
"1360" 1215.765 0.7795 6.1476 109.04
"1361" 1215.765 0.7795 6.1476 109.04
"1362" 1214.925 0.7785 6.1486 108.93
"1363" 1221.04 0.7776 6.1426 108.71
"1364" 1221.255 0.7796 6.1377 108.75
"1365" 1215.13 0.7843 6.1415 109.06
"1366" 1220.715 0.7857 6.1446 109.03
"1367" 1218.32 0.7884 6.1454 109.29
"1368" 1218.32 0.7884 6.1454 109.29
"1369" 1218.36 0.7883 6.1547 109.44
"1370" 1213.25 0.7905 6.1541 109.53
"1371" 1210.335 0.7929 6.1543 109.63
"1372" 1215.17 0.7909 6.1492 108.66
"1373" 1204.89 0.7936 6.1483 109.11
"1374" 1191.29 0.7992 6.1498 109.76
"1375" 1191.29 0.7992 6.1498 109.76
"1376" 1194.95 0.7968 6.1486 109.39
"1377" 1207.71 0.7916 6.1441 108.58
"1378" 1213.87 0.7896 6.1341 108.25
"1379" 1225.135 0.7856 6.1288 107.92
"1380" 1222.505 0.7896 6.1338 107.84
"1381" 1223.06 0.7917 6.1349 107.65
"1382" 1223.06 0.7917 6.1349 107.65
"1383" 1230.52 0.789 6.1386 107.29
"1384" 1234.24 0.7881 6.1412 107.06
"1385" 1232.055 0.7877 6.1422 106.8
"1386" 1240.655 0.7813 6.1414 106.02
"1387" 1240.655 0.7817 6.1235 106.48
"1388" 1238.58 0.7837 6.143 106.89
"1389" 1238.58 0.7837 6.143 106.89
"1390" 1241.235 0.7832 6.1419 107.05
"1391" 1249.285 0.7828 6.1388 106.72
"1392" 1246.635 0.7878 6.1384 107.05
"1393" 1237.575 0.7907 6.1406 107.61
"1394" 1231.535 0.79 6.1393 108.08
"1395" 1231.205 0.7893 6.1381 108.16
"1396" 1231.205 0.7893 6.1381 108.16
"1397" 1229.935 0.7877 6.1364 107.91
"1398" 1228.63 0.7864 6.1322 107.95
"1399" 1225.94 0.7857 6.1324 108.2
"1400" 1206.49 0.7931 6.1348 109.05
"1401" 1181.855 0.7958 6.1389 110.96
"1402" 1173.155 0.7985 6.1426 112.33
"1403" 1173.155 0.7985 6.1426 112.33
"1404" 1169.46 0.8006 6.1445 113.19
"1405" 1167.625 0.7988 6.1431 113.56
"1406" 1153.785 0.799 6.1412 114.23
"1407" 1144.105 0.8018 6.1409 114.72
"1408" 1149.03 0.8066 6.1466 115.08
"1409" 1177.555 0.8029 6.1465 114.6
"1410" 1177.585 0.8029 6.1465 114.6
"1411" 1168.48 0.8024 6.1382 114.38
"1412" 1155.635 0.8044 6.1435 115.38
"1413" 1163.985 0.8024 6.1451 115.46
"1414" 1161.595 0.8028 6.1445 115.63
"1415" 1163.385 0.8022 6.1427 116.21
"1416" 1189.115 0.7985 6.1415 116.28
"1417" 1189.105 0.7985 6.1415 116.28
"1418" 1187.14 0.7997 6.1412 116.2
"1419" 1192.37 0.8003 6.1403 116.67
"1420" 1194.185 0.7978 6.1395 117.41
"1421" 1187.135 0.7975 6.1396 118.23
"1422" 1196.285 0.8013 6.1395 117.84
"1423" 1201.505 0.807 6.1418 117.86
"1424" 1201.525 0.807 6.1418 117.87
"1425" 1198.895 0.8062 6.1438 118.08
"1426" 1198.57 0.8038 6.1405 118.04
"1427" 1198.915 0.8012 6.1373 117.76
"1428" 1194.695 0.8006 6.1319 117.57
"1429" 1182.865 0.8028 6.1334 118.28
"1430" 1167.045 0.8032 6.1343 118.62
"1431" 1167.045 0.8032 6.1343 118.62
"1432" 1173.915 0.8025 6.1292 118.56
"1433" 1202.585 0.8039 6.13 118.78
"1434" 1203.36 0.8098 6.1342 119.43
"1435" 1206.99 0.8107 6.1379 119.86
"1436" 1200.505 0.8098 6.1382 120.5
"1437" 1192.015 0.8139 6.1438 121.47
"1438" 1192.045 0.8139 6.1438 121.47
"1439" 1194.58 0.8139 6.1398 121.19
"1440" 1211.455 0.8098 6.1367 119.97
"1441" 1230.035 0.8069 6.1297 119.07
"1442" 1225.025 0.8044 6.1272 118.49
"1443" 1223.64 0.8048 6.1269 118.69
"1444" 1222.44 0.8025 6.1217 118.8
"1445" 1222.46 0.8025 6.1217 118.81
"1446" 1214.1 0.8036 6.123 118.42
"1447" 1198.82 0.8013 6.1235 117.16
"1448" 1196.845 0.8024 6.1221 117.14
"1449" 1197.61 0.8121 6.134 118.73
"1450" 1197.61 0.8149 6.1393 119.25
"1451" 1195.64 0.8178 6.1405 119.51
"1452" 1195.665 0.8178 6.1405 119.51
"1453" 1192.95 0.8166 6.1426 119.7
"1454" 1178.03 0.8189 6.1425 120.3
"1455" 1176.95 0.8206 6.1435 120.48
"1456" 1174.575 0.8201 6.1418 120.46
"1457" 1188.16 0.8199 6.1384 120.32
"1458" 1196.485 0.821 6.1383 120.38
"1459" 1196.53 0.821 6.1383 120.38
"1460" 1191.68 0.8208 6.1464 120.48
"1461" 1191.265 0.8227 6.146 119.94
"1462" 1196.325 0.8236 6.1484 119.58
"1463" 1182.79 0.8264 6.1473 119.88
"1464" 1184.235 0.8301 6.1429 120.31
"1465" 1188.76 0.8332 6.1447 120.49
"1466" 1188.775 0.8332 6.1447 120.5
"1467" 1194.23 0.8375 6.1446 120.14
"1468" 1209.615 0.8384 6.1376 119.01
"1469" 1214.8 0.8435 6.135 119.07
"1470" 1210.045 0.847 6.136 119.63
"1471" 1213.04 0.8468 6.1284 119.26
"1472" 1223.3 0.8446 6.123 118.54
"1473" 1223.335 0.8446 6.123 118.54
"1474" 1225.995 0.8448 6.122 118.51
"1475" 1236.17 0.8468 6.121 118.27
"1476" 1232.03 0.8489 6.1181 117.17
"1477" 1241.835 0.8535 6.1172 117.18
"1478" 1264.625 0.8622 6.1286 116.69
"1479" 1280.12 0.8645 6.1335 117.62
"1480" 1280.2 0.8645 6.1335 117.62
"1481" 1276.95 0.863 6.1312 117.36
"1482" 1284.27 0.8635 6.13 118.31
"1483" 1296.085 0.8639 6.1301 117.96
"1484" 1293.36 0.8658 6.1306 117.97
"1485" 1296.16 0.8855 6.1459 118.21
"1486" 1294.705 0.8923 6.1542 117.8
"1487" 1294.715 0.8923 6.1542 117.8
"1488" 1287.63 0.8913 6.1599 118.04
"1489" 1283.525 0.8856 6.1526 118.07
"1490" 1289.345 0.8812 6.1524 117.87
"1491" 1274.3 0.8852 6.1539 117.92
"1492" 1264.99 0.8833 6.1598 117.81
"1493" 1283.96 0.8861 6.1732 117.53
"1494" 1283.96 0.8861 6.1732 117.54
"1495" 1277.995 0.8833 6.1692 117.5
"1496" 1272.47 0.8789 6.1593 117.38
"1497" 1263.965 0.8734 6.1535 117.57
"1498" 1266.95 0.8779 6.1532 117.33
"1499" 1256.64 0.8755 6.1449 117.88
"1500" 1234.445 0.8836 6.1491 119.13
"1501" 1234.455 0.8836 6.1491 119.13
"1502" 1239.11 0.883 6.1479 118.75
"1503" 1238.99 0.8835 6.147 118.89
"1504" 1232.525 0.8841 6.1474 119.79
"1505" 1222.55 0.8816 6.1443 119.73
"1506" 1227.3 0.8765 6.1399 118.85
"1507" 1229.76 0.8779 6.1398 118.8
"1508" 1229.775 0.8779 6.1398 118.8
"1509" 1232.06 0.8773 6.1421 118.55
"1510" 1221.775 0.879 6.1482 118.72
"1511" 1207.45 0.8782 6.1492 119.16
"1512" 1214.025 0.8774 6.1496 118.81
"1513" 1206.925 0.8808 6.1509 118.82
"1514" 1201.635 0.8789 6.1501 119.01
"1515" 1201.62 0.8789 6.1501 119.01
"1516" 1200.75 0.881 6.1517 119.02
"1517" 1199.965 0.8827 6.1526 119.14
"1518" 1206.625 0.8809 6.1496 118.83
"1519" 1210.47 0.8839 6.1486 119.02
"1520" 1210.565 0.8922 6.1602 119.39
"1521" 1213.135 0.8932 6.1646 119.61
"1522" 1213.14 0.8932 6.1646 119.61
"1523" 1215.335 0.8936 6.1641 119.88
"1524" 1207.135 0.894 6.1591 119.79
"1525" 1204.47 0.898 6.1582 119.66
"1526" 1202.015 0.905 6.1533 119.96
"1527" 1189.845 0.9122 6.1528 120.32
"1528" 1167.31 0.9222 6.1567 120.82
"1529" 1167.335 0.9223 6.1567 120.83
"1530" 1170.585 0.9213 6.1607 120.96
"1531" 1163.67 0.9281 6.162 121.45
"1532" 1159.235 0.9406 6.1627 121.35
"1533" 1155.66 0.9452 6.1594 121.32
"1534" 1156.7 0.9459 6.1553 121.39
"1535" 1158.6 0.9527 6.1596 121.38
"1536" 1158.6 0.9527 6.1596 121.38
"1537" 1157.21 0.9488 6.1538 121.32
"1538" 1153.165 0.9445 6.1438 121.35
"1539" 1152.22 0.9404 6.13 121.11
"1540" 1169.335 0.9321 6.1263 120.55
"1541" 1175.09 0.9326 6.1288 120.66
"1542" 1182.61 0.9241 6.1265 120.07
"1543" 1182.61 0.9241 6.1265 120.07
"1544" 1184.755 0.9207 6.1275 119.89
"1545" 1190.085 0.9142 6.1234 119.65
"1546" 1193.47 0.9134 6.1228 119.6
"1547" 1202.975 0.9123 6.1218 119.07
"1548" 1201.14 0.9197 6.1249 119.22
"1549" 1198.81 0.9182 6.1244 119.13
"1550" 1198.81 0.9182 6.1244 119.13
"1551" 1190.315 0.9216 6.1206 119.64
"1552" 1184.375 0.9283 6.1197 120.05
"1553" 1191.375 0.9293 6.1175 119.82
"1554" 1202.73 0.9242 6.1115 119.66
"1555" 1203.195 0.9161 6.1081 119.43
"1556" 1203.21 0.9113 6.1039 118.99
"1557" 1203.21 0.9113 6.1039 118.99
"1558" 1217.805 0.9102 6.1035 119.08
"1559" 1212.105 0.9184 6.1102 119.9
"1560" 1207.78 0.9232 6.1136 120
"1561" 1197.445 0.9315 6.1121 120.27
"1562" 1200.845 0.9407 6.1139 120.38
"1563" 1207.75 0.9432 6.1123 120.2
"1564" 1207.75 0.9432 6.1123 120.2
"1565" 1202.915 0.9451 6.1174 120.34
"1566" 1195.295 0.9435 6.1142 119.7
"1567" 1194.725 0.9406 6.1087 119.41
"1568" 1203.215 0.9338 6.1031 119.14
"1569" 1202.12 0.9273 6.1025 118.94
"1570" 1204.42 0.9254 6.1038 118.92
"1571" 1204.42 0.9254 6.1038 118.92
"1572" 1201.06 0.9287 6.1066 119
"1573" 1197.9 0.9328 6.1075 119.48
"1574" 1197.415 0.9311 6.1071 119.68
"1575" 1189.895 0.9304 6.1071 119.85
"1576" 1188.09 0.9226 6.1038 119.33
"1577" 1179.48 0.9196 6.1027 118.97
"1578" 1179.48 0.9196 6.1027 118.97
"1579" 1188.415 0.9204 6.1056 119.08
"1580" 1204.905 0.9161 6.1053 119
"1581" 1209.215 0.9067 6.1 118.96
"1582" 1196.97 0.8963 6.0993 119.12
"1583" 1179.74 0.8911 6.1019 119.84
"1584" 1178.465 0.8931 6.1041 120.21
"1585" 1178.465 0.8931 6.1041 120.21
"1586" 1184.625 0.8954 6.1043 120.14
"1587" 1190.795 0.8971 6.1036 120.11
"1588" 1193.165 0.8884 6.0987 119.72
"1589" 1186.145 0.8835 6.1098 119.48
"1590" 1186.08 0.8908 6.1047 119.86
"1591" 1188.41 0.8926 6.1006 119.79
"1592" 1188.41 0.8926 6.1006 119.79
"1593" 1187.09 0.8959 6.1 119.92
"1594" 1188.24 0.8926 6.0993 120.04
"1595" 1200.835 0.8871 6.0947 119.6
"1596" 1217.815 0.8785 6.0936 119.17
"1597" 1220.415 0.8772 6.0943 119.44
"1598" 1224.065 0.8735 6.0933 119.35
"1599" 1224.065 0.8735 6.0933 119.35
"1600" 1226.145 0.8778 6.0963 119.7
"1601" 1217.815 0.8909 6.0997 120.21
"1602" 1209.02 0.8994 6.1011 120.97
"1603" 1208.705 0.8991 6.0986 121.1
"1604" 1207.68 0.9007 6.0991 121.1
"1605" 1205.975 0.9081 6.1007 121.53
"1606" 1205.975 0.9081 6.1007 121.53
"1607" 1205.26 0.9105 6.1046 121.57
"1608" 1196.94 0.916 6.107 122.42
"1609" 1187.7 0.9186 6.1087 123.37
"1610" 1188.19 0.916 6.1083 123.95
"1611" 1189.565 0.9117 6.1079 123.88
"1612" 1190.425 0.9099 6.1065 124.15
"1613" 1190.425 0.9099 6.1065 124.15
"1614" 1190.69 0.9143 6.1096 124.29
"1615" 1190.225 0.9075 6.1197 124.51
"1616" 1190.445 0.8944 6.1124 124.19
"1617" 1181.385 0.8867 6.1087 124.33
"1618" 1174.16 0.894 6.1103 124.92
"1619" 1172.015 0.8998 6.1123 125.6
"1620" 1172.015 0.8998 6.1123 125.6
"1621" 1173.26 0.896 6.1141 125.25
"1622" 1177.325 0.8864 6.1122 124.37
"1623" 1183.235 0.8848 6.121 123.3
"1624" 1183.295 0.887 6.1175 123.34
"1625" 1181.52 0.8897 6.1163 123.52
"1626" 1181.695 0.8874 6.1164 123.41
"1627" 1181.695 0.8874 6.1164 123.41
"1628" 1182.52 0.8902 6.1184 123.44
"1629" 1183.645 0.8881 6.1178 123.47
"1630" 1180.465 0.8877 6.1114 123.7
"1631" 1194.075 0.8792 6.1057 123.01
"1632" 1200.995 0.8814 6.1048 122.92
"1633" 1200.3 0.8811 6.1036 122.71
"1634" 1200.3 0.8811 6.1036 122.71
"1635" 1193.29 0.88 6.1036 123.04
"1636" 1182.85 0.8896 6.1069 123.7
"1637" 1176.45 0.8937 6.1084 123.95
"1638" 1174.965 0.8927 6.1066 123.69
"1639" 1174.065 0.8941 6.1063 123.61
"1640" 1175.385 0.895 6.107 123.85
"1641" 1175.385 0.895 6.107 123.85
"1642" 1180.42 0.9013 6.1088 122.73
