TWI	TWI¥»¯q¤ñ
564.4	12.21
582.36	12.42
549.4	11.93
556.66	12.29
567.57	12.65
564.72	11.05
547.8	10.97
507.79	10.54
521.77	10.68
517.56	10.83
534.75	10.97
551.03	11.18
538.42	10.54
511.71	10.1
491.05	9.62
483.38	9.68
470.06	9.4
472.7	14.24
443.69	13.8
447.46	13.79
458.54	14.74
480.71	15.02
455.81	14.26
443.57	13.89
442.73	13.81
514.11	15.63
621.38	18.77
683.62	19.78
667.43	19.75
736.38	34.05
735.07	31.99
711.49	31.55
724.28	31.67
706.42	28.7
707.73	30.91
761.92	32.31
829.43	34.86
868.4	36.89
871.41	37.71
938.3	40.62
869.77	38.84
898.89	24.9
894.48	25.55
909.84	26.19
873.59	24.72
830.36	23.33
835.04	23.8
838.07	23.91
787.75	22.79
781.37	22.15
765.96	21.83
739.73	21.32
730.53	21.49
706.46	14.75
637.14	13.32
666.11	13.93
710.02	14.81
781.66	16.6
776.28	16.28
835.12	17.47
882.95	15.64
943.95	16.53
926.13	20.21
902.87	19.63
950.8	16.49
955.21	23.86
935.83	23.43
903.61	21.9
947.11	23.03
994.44	20.63
996.24	20.58
1039.11	21.2
1150.25	23.36
1272.13	26.23
1405.51	28.41
1812.99	37.66
1878.61	39.19
1648.92	17.97
2048.21	22.4
3075.23	33.26
4459.01	47.74
2722.32	25.91
2952.51	28.3
2339.86	20.66
2843.87	25.16
3499.01	31.09
3373.86	29.88
4158.44	37.08
4476.26	39.86
4846.03	42.23
6248.02	54.87
7680.48	67.8
8402.93	73.95
6226.01	51.74
6814.11	56.05
5119.11	41.44
6157.12	46.58
7004.44	52.51
7390.15	55.37
7933.71	59.74
9832.38	74.14
9205.06	64.07
9504.2	65.69
9924.3	67.82
10180.84	71.65
10602.07	70.76
9402.56	62.98
9624.18	67.2
12054.35	85.29
11661.73	80.52
10755.87	74.56
9292.37	64.52
7290.88	50.63
5049.58	35.85
5618.21	40.29
3635.28	26.12
2705.01	19.6
3318.53	27.09
4377.27	34.83
4530.16	35.58
4023.72	32.28
5033.37	40.93
5139.94	43.07
5921.29	49.29
5610.72	46.57
5768.08	58.03
5178.06	52
4505.67	44.96
4867.13	48.21
4389.86	37.52
4378.5	37.61
4600.67	37.27
5391.63	43.66
5142.42	41.62
4800.94	38.85
4496.19	36.79
4496.58	36.25
4523.81	31.39
4108.52	28.35
3946.35	27.07
3524.21	24.73
3631.73	26.32
3675.01	26.81
3377.06	26.4
3374.56	26.49
4384.67	33.73
4825.29	36.78
4563.52	34.93
4267.9	32.78
3995.51	33.9
3960.38	33.45
3892.04	32.86
3832.69	32.38
4131.68	36.69
4353.9	38.87
6070.56	50.8
6115.12	51.11
5414.64	45.08
5249.22	43.82
5737.33	47.13
5891.56	47.83
5932.6	39.61
6720.05	44.8
7008.11	47.01
7091.13	47.66
6526.47	40.4
6363.72	38.2
7124.66	39.12
6307.85	34.89
6509.33	35.47
6524	35.44
5803.78	31.47
5674.55	30.61
5444.97	25.35
5180.42	24.32
4809.93	22.56
5033.06	23.59
4817.04	22.35
4777.2	21.59
5173.73	24.01
4763.4	21.78
4797.67	22.06
5032.35	23.37
6134.28	28.59
5966.82	27.67
6560.41	32.1
6106.97	29.94
6324.6	30.25
6504.68	31.05
6426.09	31.53
6826.06	32.49
6933.94	32.66
7283.4	34.36
7875.32	37.07
8004.2	37.66
8485.66	40.01
8163.11	38.51
9030.28	41.07
10066.35	45.84
9756.47	44.56
8708.83	40.04
7313.4	32.58
7797.19	34.61
8187.27	33.12
8085.47	32.41
9202.56	36.98
9091.16	36.48
8304.21	33.32
7903.34	31.98
7548.81	28.17
7653.51	28.69
6550.11	24.48
6833.95	25.38
7165.98	29.98
7177.22	29.79
6418.43	31.68
5998.32	29.72
6318.52	31.47
6881.72	33.89
7371.17	36.34
7316.57	35.6
8467.37	98.8
7326.75	82
8157.73	114.65
7598.79	128.12
7854.85	94.79
7720.87	76.97
8448.84	70.84
9744.89	84.1
9435.94	86.23
9854.95	86.81
8777.35	77.05
8939.52	74.12
8265.09	34.86
8114.92	34.19
7616.98	32.1
6185.14	25.92
5544.18	21.91
5256.93	19.95
4739.09	17.29
5936.2	22.03
5674.69	21.01
5797.92	21.57
5381.67	19.85
5048.86	18.42
4883.43	23.81
4352.98	21.24
4509.44	21.87
3636.94	17.43
3903.49	27.11
4441.12	29.95
5551.24	62.72
5872.14	68.55
5696.11	66.43
6167.47	68.42
6065.73	67.93
5675.65	58.46
5153.71	197.48
4940.38	171.06
4764.94	177.53
4191.81	116.75
4579.14	144.54
4646.69	120.21
4452.45	51.46
5015.16	56.81
4432.46	54.45
4321.22	55.51
4148.07	54.5
4555.9	42.9
4872.15	34.61
5318.34	38.26
5650.83	40.17
5611.41	39.42
6045.12	33.87
5771.77	32.65
5890.69	26.24
6375.38	28.54
6750.54	29.02
6522.19	28.33
6117.81	26.89
5977.84	25.54
5839.44	16.15
5420.57	14.88
5765.54	15.81
5845.69	15.91
5705.93	13.37
5844.76	13.66
6139.69	13.24
5994.23	13.05
6207.83	13.61
6005.88	13.23
5818.07	12.82
6011.56	13.25
6241.94	14.98
6311.98	15.16
6033.47	14.45
6118.61	14.69
5764.3	15.71
6203.47	16.93
6548.34	17.99
6532.18	17.98
6561.63	17.97
6613.97	18.24
7171.77	19.6
6846.95	18.7
6704.41	18.27
6454.58	17.73
6611.77	18.19
6883.05	18.38
7021.32	17.72
7567.72	18.97
7823.72	20.01
7699.64	19.72
7901.96	20.16
7884.41	20.06
7875.42	20.18
8144.95	20.68
8883.21	20.99
9287.25	21.99
8982.16	21.29
9476.52	21.95
9711.37	19.92
8586.4	17.64
8506.28	16.02
7521.13	14.23
8412.76	15.9
8572.59	16.21
8919.92	16.8
8619.08	16.14
7523.54	13.02
7024.06	12.17
7046.11	12.16
5719.28	9.9
4870.66	8.69
4460.49	7.93
4591.22	9.47
4247.97	8.75
4557.15	9.4
5210.84	10.53
5992.57	12.12
6890.44	13.86
6432.16	41.5
7077.71	45.42
6825.95	42.64
7509.17	45.06
7340.08	71.58
7582.21	92.73
8188.11	82.51
7640.44	86.83
7436.1	85.17
7920.06	74.07
8004.25	66.9
7373.98	54.41
7329.37	16.57
7760.63	17.55
7616.28	17.22
8237.78	18.65
8287.09	15.91
8372.48	16.38
8972.5	16.41
9145.35	16.79
8599.65	15.76
8683.3	15.77
9007.87	16.36
8988.84	16.35
8652.59	16.15
8644.18	16.17
7741.36	14.52
7225.38	13.24
7587.69	15.19
6904.12	13.84
7072.08	16.14
7517.08	17.15
8121.44	18.52
7933	18.11
7501.72	17.08
7301.5	16.42
7296.28	21.76
7270.49	21.68
7397.06	22.12
7715.16	22.87
7166.05	23.2
7580.17	24.01
7699.5	23.42
7850.02	23.79
7897.98	23.9
7918.61	24
8093.66	24.59
8254.8	25.09
8062.21	19.47
8107.94	19.64
8021.89	19.45
8173.87	19.82
8450.06	18.97
8406.83	19.08
8611.51	17.11
8462.57	16.74
8639.58	18.45
8849.28	18.87
8791.44	18.58
9075.91	19.51
9393.07	17.48
	
