6268.5
6232.6
6540.2
6327.4
6359.4
6312.7
6365.3
6672.7
6294.2
6438.4
6142.2
6222.5
6297.5
5917.9
5633.7
5967
5796.2
5642.5
5529.1
5345
4903.4
5039.7
5203.6
5217.4
5164.8
5101
5271.8
5165.6
5085.1
4656.4
4246.2
4227.3
3721.8
4039.7
4169.4
3940.4
3567.4
3655.6
3613.3

4048.1
4031.2
4157
4161.1
4091.3
4287.6
4342.6
4476.9
4390.7
4492.2
4385.7
4489.7
4430.7
4464.1
4413.1
4459.3
4570.8
4624.2
4703.2
4814.3
4852.3
4968.5
4894.4
4801.7
4964
5113.2
5282.3
5296.9
5477.7
5317.3
5423.2
5618.8
5760.3
5791.5
5964.6
6023.1
5723.8
5833.4
5928.3
5906.1
5960.8
6129.2
6048.9
6220.8
6203.1
6171.5
6308
6449.2
6621.5
6607.9
6360.1
6303.3
6466.8
6721.6
6432.5
6456.9
5879.8
5884.3
5702.1
6087.3
6053.5
5625.9
5411.9
5636.6
4902.5
4377.3
4288
4434.2
4149.6
3830.1
3926.1
4243.7
4417.9
4249.2
4608.4
4908.9
5133.9
5044.6
5190.7
5412.9
5188.5
5354.5
5679.6
5553.3
5188.4
4916.9
5258
5225.2
5548.6
5675.2
5528.3
5899.9
5862.9
5994
5908.8
6069.9
5990
5945.7
5815.2
5394.5
5128.5
5544.2
5505.4
5572.3
5681.6
5871.5
5768.5
5737.8
5320.9
5571.2
5635.3
5711.5
5742.1
5782.7
5866.8
5897.8
6276.9
6360.8
6411.7
6430.1
6583.1
6215.5
6621.1
6412.9
6462.2
6731.4
6650.6
6749.1
6510.4
6809.7
6598.4
6780
6844.5
6743.9
6730.1
6819.8
6825.3

