7400	7439	7280	7296	7296	320.64	7616.64
7339	7405	7339	7399	7399	333.87	7732.87
7399	7415	7333	7393	7393	331.92	7724.92
7412	7445	7358	7426	7426	333.1	7759.1
7451	7451	7401	7405	7406	338.18	7744.18
7393	7405	7325	7358	7358	337.99	7695.99
7355	7372	7300	7338	7338	334.58	7672.58
7320	7408	7320	7408	7408	306.67	7714.67
7430	7503	7429	7500	7500	302	7802
7508	7540	7481	7481	7483	349.98	7832.98
7460	7534	7460	7534	7534	316.02	7850.02
7550	7580	7515	7546	7546	309.97	7855.97
7575	7635	7561	7622	7622	301.16	7923.16
7575	7590	7560	7588	7588	298.94	7886.94
7615	7634	7589	7594	7594	312.65	7906.65
7630	7655	7609	7647	7647	296.53	7943.53
7660	7660	7640	7653	7652	308.88	7960.88
7691	7715	7682	7710	7710	319.1	8029.1
7689	7692	7650	7650	7650	307.46	7957.46
7650	7670	7608	7652	7651	296.72	7947.72
7685	7692	7673	7690	7690	296.89	7986.89
7686	7687	7638	7644	7644	303.68	7947.68
7580	7618	7565	7585	7585	295.9	7880.9
7610	7610	7582	7582	7582	315.98	7897.98
7637	7641	7625	7637	7637	327.63	7964.63
7637	7637	7531	7548	7548	319.34	7867.34
7575	7628	7572	7615	7615	317.71	7932.71
7668	7689	7638	7642	7642	308.3	7950.3
7625	7677	7625	7641	7635	325.51	7960.51
7664	7720	7664	7705	7705	310.14	8015.14
7700	7760	7697	7733	7733	305.72	8038.72
7748	7750	7685	7697	7697	297.71	7994.71
7695	7732	7655	7689	7689	306.51	7995.51
7681	7681	7650	7655	7655	296.76	7951.76
7680	7687	7610	7610	7610	317.49	7927.49
7590	7590	7486	7487	7486	325.34	7811.34
7507	7538	7507	7527	7527	311.47	7838.47
7494	7511	7470	7480	7480	318.03	7798.03
7515	7520	7489	7497	7497	314.84	7811.84
7475	7515	7475	7482	7482	314.22	7796.22
7527	7559	7527	7550	7551	305.12	7856.12
7538	7542	7529	7530	7530	326.36	7856.36
7537	7562	7530	7553	7553	341.12	7894.12
7545	7564	7516	7532	7532	334.88	7866.88
7577	7620	7569	7610	7610	308.61	7918.61
7620	7620	7596	7608	7606	293.24	7899.24
7596	7610	7570	7590	7590	323.18	7913.18
7618	7625	7598	7621	7621	321.35	7942.35
7544	7553	7427	7431	7431	321.79	7752.79
7431	7435	7400	7400	7400	328.54	7728.54
7419	7428	7410	7415	7416	336.8	7752.8
7466	7505	7448	7498	7498	359.98	7857.98
7499	7510	7468	7468	7468	353.63	7821.63
7441	7489	7405	7430	7430	333.53	7763.53
7381	7451	7365	7448	7448	353.05	7801.05
7465	7465	7430	7448	7448	361.07	7809.07
7410	7459	7391	7438	7438	353.35	7791.35
7463	7620	7463	7615	7615	315.8	7930.8
7634	7659	7627	7632	7632	338.38	7970.38
7630	7634	7585	7605	7605	337.77	7942.77
7649	7697	7640	7680	7680	343.71	8023.71
7665	7691	7660	7691	7691	330.75	8021.75
7687	7746	7682	7682	7682	340.06	8022.06
7689	7720	7689	7703	7703	326.74	8029.74
7745	7795	7745	7780	7780	313.66	8093.66
7766	7799	7766	7795	7795	333.51	8128.51
7834	7840	7806	7812	7822	313.03	8135.03
7868	7888	7835	7850	7850	319.05	8169.05
7850	7861	7840	7854	7854	309.06	8163.06
7876	7980	7876	7964	7964	303.09	8267.09
7995	8020	7988	8012	8012	273.89	8285.89
7998	8020	7988	8018	8019	261.26	8280.26
8018	8018	7950	7967	7967	281.32	8248.32
7984	8012	7965	7989	7989	262.82	8251.82
8022	8030	7981	8025	8025	293.59	8318.59
8045	8160	8042	8157	8157	233.05	8390.05
8136	8149	8127	8133	8133	235.19	8368.19
8133	8133	8090	8121	8121	256.05	8377.05
8125	8170	8094	8122	8122	261.05	8383.05
8157	8176	8128	8143	8143	255.84	8398.84
8078	8086	7950	7953	7953	284.83	8237.83
7953	7981	7890	7954	7954	255.78	8209.78
7950	8001	7928	7991	7991	289.1	8280.1
7991	8008	7987	7992	7991	272.05	8263.05
8004	8072	7991	8045	8045	292.9	8337.9
8033	8033	7942	7966	7966	277.29	8243.29
7970	8072	7964	7975	7975	279.8	8254.8
7892	7935	7830	7920	7920	281.02	8201.02
7952	7952	7887	7894	7894	297.22	8191.22
7886	7922	7865	7875	7875	306.91	8181.91
7823	7855	7792	7830	7828	268.14	8096.14
7812	7837	7777	7812	7812	283.2	8095.2
7866	7900	7851	7866	7866	294.55	8160.55
7856	7872	7833	7852	7852	264.15	8116.15
7799	7799	7659	7659	7659	292.66	7951.66
7700	7700	7627	7642	7642	295.74	7937.74
7642	7691	7642	7684	7684	308.89	7992.89
7705	7712	7644	7696	7696	315.02	8011.02
7714	7739	7690	7710	7710	297.39	8007.39
7623	7643	7571	7588	7588	310.91	7898.91
7451	7506	7420	7488	7487	306.31	7793.31
7460	7488	7433	7459	7459	299.03	7758.03
7400	7505	7400	7433	7430	233.23	7663.23
7483	7518	7446	7470	7470	314.8	7784.8
7549	7575	7535	7546	7546	337.9	7883.9
7586	7654	7561	7644	7646	416.21	8062.21
7601	7726	7601	7717	7717	319	8036
7726	7734	7708	7728	7727	288.86	8015.86
7715	7715	7630	7635	7635	276.42	7911.42
7665	7680	7633	7668	7668	225.72	7893.72
7708	7804	7705	7795	7795	206.82	8001.82
7788	7795	7655	7666	7666	220.34	7886.34
7687	7760	7670	7750	7750	221.18	7971.18
7777	7848	7753	7783	7783	228.69	8011.69
7852	7998	7852	7995	7995	184.54	8179.54
8005	8013	7973	8009	8011	209.49	8220.49
7972	8075	7972	8060	8060	194.68	8254.68
8058	8072	8038	8072	8072	188.11	8260.11
8067	8096	8056	8083	8083	175.95	8258.95
8093	8096	8028	8038	8038	156.88	8194.88
8028	8028	7897	7898	7897	165.03	8062.03
7900	7988	7900	7959	7958	147.45	8105.45
8012	8093	8008	8072	8074	140.65	8214.65
8055	8079	8048	8065	8065	131.19	8196.19
8015	8092	8000	8048	8048	115.58	8163.58
7985	8121	7985	8041	8041	108.4	8149.4
8041	8042	7963	7973	7972	112.5	8084.5
8022	8084	8011	8068	8068	95.55	8163.55
8061	8069	7990	7990	7993	114.94	8107.94
7999	8015	7950	7988	7988	68.22	8056.22
8061	8082	8000	8005	8003	96.88	8099.88
8030	8049	7967	8043	8043	95.63	8138.63
8002	8005	7918	7932	7932	106.91	8038.91
7880	7880	7781	7781	7781	140.29	7921.29
7808	7822	7777	7777	7778	129.67	7907.67
7787	7802	7730	7749	7749	107.14	7856.14
7770	7801	7750	7785	7785	118.38	7903.38
7810	7887	7810	7880	7880	106.27	7986.27
7880	7880	7817	7854	7854	97.33	7951.33
7805	7805	7729	7774	7774	113.26	7887.26
7715	7855	7715	7824	7825	100	7925
7800	7809	7768	7793	7793	107.21	7900.21
7764	7817	7698	7700	7699	133.65	7832.65
7560	7674	7560	7648	7648	166.38	7814.38
7683	7754	7683	7727	7725	148.31	7873.31
7755	7783	7735	7766	7766	128.97	7894.97
7786	7786	7691	7696	7696	124.84	7820.84
7625	7715	7625	7715	7715	109.54	7824.54
7735	7835	7730	7830	7831	86.66	7917.66
7834	7916	7825	7911	7912	109.89	8021.89
7930	7961	7899	7959	7959	79.86	8038.86
7992	8018	7972	7996	7996	92.37	8088.37
7963	8015	7945	8014	8014	69.44	8083.44
8024	8080	8016	8073	8073	96.1	8169.1
8099	8099	8065	8076	8077	87.2	8164.2
8100	8119	8032	8100	8100	92.11	8192.11
8131	8157	8078	8108	8108	100.77	8208.77
8135	8135	8072	8130	8130	78.99	8208.99
8110	8157	8110	8136	8136	89.36	8225.36
8138	8157	8089	8089	8089	79.2	8168.2
8118	8118	8093	8106	8106	36.48	8142.48
8130	8206	8130	8199	8197	58.34	8255.34
8104	8183	8104	8181	8181	68.78	8249.78
8190	8212	8135	8140	8140	69.18	8209.18
8111	8224	8111	8214	8214	78.83	8292.83
8188	8225	8180	8223	8221	78.12	8299.12
8225	8225	8177	8186	8186	97.9	8283.9
8158	8193	8115	8135	8133	51.68	8184.68
8133	8156	8131	8136	8136	94.68	8230.68
8096	8100	8035	8068	8068	105.87	8173.87
8100	8115	8083	8090	8090	97.02	8187.02
8130	8130	8100	8100	8101	115.52	8216.52
8102	8331	8102	8331	8331	28.02	8359.02
8350	8352	8308	8333	8333	31.55	8364.55
8350	8350	8260	8286	8286	47.66	8333.66
8265	8344	8248	8337	8337	38.65	8375.65
8297	8336	8283	8300	8299	45.73	8344.73
8445	8445	8326	8330	8327	22.37	8349.37
8328	8328	8242	8259	8258	15.96	8273.96
8321	8345	8306	8323	8323	44.88	8367.88
8323	8343	8305	8312	8312	20.18	8332.18
8372	8399	8334	8343	8344	30.68	8374.68
8351	8405	8351	8394	8395	46.19	8441.19
8425	8425	8374	8380	8381	38.32	8419.32
8360	8400	8332	8397	8396	22.27	8418.27
8410	8417	8322	8338	8339	54.62	8393.62
8329	8377	8307	8371	8372	41.72	8413.72
8339	8343	8271	8299	8298	48.62	8346.62
8308	8390	8300	8369	8368	39.83	8407.83
8352	8412	8338	8387	8387	33.98	8420.98
8411	8437	8385	8421	8420	45.06	8465.06
8400	8442	8389	8409	8408	42.06	8450.06
8441	8455	8353	8373	8372	16.18	8388.18
8342	8350	8295	8318	8318	36.14	8354.14
8321	8332	8236	8247	8248	14.2	8262.2
8265	8268	8212	8250	8251	30.97	8281.97
8251	8257	8205	8238	8238	45.71	8283.71
8218	8248	8193	8203	8205	24.59	8229.59
8217	8217	8167	8182	8181	1.56	8182.56
8200	8234	8165	8207	8206	-10.74	8195.26
8185	8185	8089	8094	8093	11.26	8104.26
8125	8137	8066	8103	8101	33.91	8134.91
8150	8190	8122	8135	8136	41.12	8177.12
8169	8202	8158	8168	8169	22.46	8191.46
8198	8238	8190	8232	8230	30.21	8260.21
8220	8241	8202	8207	8207	-2.54	8204.46
8166	8170	8062	8078	8078	21.45	8099.45
8078	8110	8076	8086	8087	29.78	8116.78
8145	8218	8142	8195	8192	-4.49	8187.51
8166	8277	8154	8249	8245	3.02	8248.02
8236	8300	8232	8299	8297	-1.12	8295.88
8350	8392	8338	8378	8377	-14.57	8362.43
8375	8428	8372	8427	8425	-18.17	8406.83
8431	8447	8391	8413	8411	3.61	8414.61
8392	8424	8378	8409	8408	-15.45	8392.55
8375	8449	8372	8436	8434	-16	8418
8423	8443	8352	8379	8378	-2.46	8375.54
8377	8409	8354	8384	8384	-16.28	8367.72
8455	8495	8445	8456	8456	-11.38	8444.62
8431	8458	8427	8455	8454	-10.61	8443.39
8458	8510	8422	8432	8432	1.77	8433.77
8390	8406	8358	8392	8392	-30.67	8361.33
8359	8404	8352	8397	8396	-19.06	8376.94
8375	8385	8325	8336	8334	-20.13	8313.87
8383	8385	8358	8362	8361	-8.07	8352.93
8380	8380	8338	8338	8338	11.04	8349.04
