8756.55
8849.87
8922.03
8849.87
9102.6
8927.03
9144.65
9107.19
9023.24
9315.43
9250.19
9151.44
9136.95
9255.94
9387.07
9372.37
9581.96
9628.98
9696.91
9744.89
9856.39
10008.88
10057.67
10128.67
9971.45
9957.74
10064.49
10202.2
10096.38
9912.67
9731.93
9642.26
9599.17
9432.49
9435.94
9689.1
9543.82
9588.03
9367.91
9380.07
9389.49
9587.27
9429.6
8811.95
8835.58
8640.03
8682.76
8763.27
8536.05
9004.48
9069.39
9533.87
9482.64
9807.57
9856.6
9805.69
9931.94
9854.95
10050.43
10186.17
9969.28
9921.03
10127.48
10068.05
9911.39
9662.6
9374.61
8993.68
9307.03
9104.4
9109.05
9120.48
8808.09
8921.12
8535.96
8541.95
8824.36
8638.75
8420
8425.38
8698.53
8616.18
8635.84
8559.87
8349.91
8560.44
8465.02
8727.82
9085.74
9087.21
9119.77
8807.57
8671.01
8500.41
8438.1
8559.46
8588.25
8764.42
8939.52
8842.63
8883.45
8958.21
9115.47
9067.88
9036.66
8955.44
8891.09
8935.23
8844.97
8832.15
8751.1
8690.66
8637.6
8771.77
8684.93
8529.56
8424.17
8365.63
8120.89
8265.09
8297.77
8052.54
8421.74
8289.39
8173.08
8154.67
8158.63
8059.75
8267.66
8497.13
8585.52
8368.78
8411.88
8219.53
8167.37
8064.2
7900.39
7961.54
7956.28
8122.11
8114.92
7984.65
7916.85
7844.93
7925.2
7715.99
7797.78
8048.14
8024.69
7974.65
7848.87
7845.69
8003.53
8143.25
8176.82
8257.88
8118.05
8098.84
8026.32
7845.87
7817.49
7543.96
7616.98
7420.06
7803.02
7785.62
7610.78
7430.93
7367.99
7335.2
7391.66
7152.29
7155.45
6910.14
6734.9
6880.09
6920.9
6612.09
6677.46
6749.03
6717.04
6564.87
6432.36
6024.07
6143.44
5997.92
6029.65
6353.67
6209.42
6040.55
5805.01
5876.11
5630.95
5702.36
5432.23
5081.28
5404.78
5608.95
5918.63
6023.78
5941.85
5805.17
5659.08
5544.18
5425.02
5626.08
5796.08
5657.48
5877.77
6067.94
6089.55
6088.74
5793.52
5772.51
5737.02
5454.13
5351.36
4845.21
5103
5130.61
5146.92
5419.99
5433.78
5362.26
5319.46
5256.93
5342.06
5174.02
5199.2
5170.62
5212.73
5252.83
5284.41
5380.09
5384.36
5320.16
5224.74
5055.2
5040.25
4947.89
4817.22
4811.22
4721.36
4614.63
4797.14
4743.94
4935.28
4894.79
5136.13
5295.53
5188.51
5376.12
5436.78
5369.24
5339.4
5379.66
5662.94
5769.95
5847.91
5680.06
5792.5
5936.2
5897.93
6049.26
5932.42
5849.06
5693.58
5758.6
5809.84
5847.07
6027.49
5887.68
6104.24
6045.67
5937.3
5971.29
5949.96
5759.04
5726.93
5716.02
5674.69
5499.86
5499.54
5609.74
5635.06
5777.13
5711.02
5680.43
5582.67
5610.4
5658.21
5742.74
5783.93
5641.89
5642.7
5623.42
5730.95
5800.55
5896.32
5884.33
5819.39
5833.88
5797.92
5607.73
5446.82
5405.85
5515.13
5401.83
5353.5
5467.75
5533.22
5495.47
5432.28
5431.95
5508.61
5608.5
5596.63
5597.7
5589.34
5516.2
5518.73
5416.67
5381.67
5304.24
5405.54
5244.05
5229.93
5176.71
5232.64
5122.17
5232.72
5176.45
5158.79
5082.02
5143.44
5111.67
4958.61
4991.48
5209.97
5226.79
5170.08
5079.72
5095.26
5057.07
5048.86
5013.96
4985.11
5065.06
5220.44
5153.35
5226.28
5271.3
5266.24
5209.71
5119.19
5158.63
5070.52
5039.98
5029.64
4984.88
4904.34
4785.12
4825.28
4768.55
4883.43
4886.86
4843.82
4739.16
4709.2
4707.01
4657.3
4616.71
4548.29
4633.54
4485.68
4368.69
4371.99
4219.89
4190.78
4220.33
4151.93
4040.77
4136.39
4300.41
4320.59
4352.98
4354.52
4490.19
4530.68
4470.73
4404
4514.1
4448.52
4476.91
4520.76
4589.6
4623.11
4687.33
4638.36
4550.36
4562.73
4487.52
4459.76
4310.32
4384.55
4368.38
4508.69
4503.86
4509.44
4454.77
4493.53
4424.91
4338.26
4302.16
4289.1
4176.93
3952.49
3774.62
3774.62
3781.17
3698.84
3591.85
3533.51
3493.78
3625.53
3567.63
3636.94
3492.12
3446.26
3493.66
3585.46
3520.35
3618.93
3789.93
3801.5
3712.82
3794.86
3817.13
3811.2
3845.62
3900.62
3874.42
3986.67
4012.2
4043.57
4065.1
3915.61
3903.49
3929.69
3998.48
4080.51
4082.92
4158.15
4135.03
4123.78
4172.63
4136.54
4277.7
4403.59
4446.62
4548.63
4455.8
4533.37
4450.02
4519.08
4608.32
4580.33
4447.58
4465.83
4441.12
4646.61
4766.43
4924.56
5208.86
5333.93
5321.28
5273.97
5539.31
5407.54
5486.73
5456.15
5329.19
5221.96
5309.1
5109.24
5164.73
5372.81
5392.43
5332.98
5398.28
5551.24
5600.05
5526.32
5638.53
5834.89
5810.08
5865.54
5871.28
5687.59
5611.86
5592.74
5488.33
5501.13
5522.8
5798.05
5804.1
5769.78
5801.92
5950.64
6007.33
5846.19
5812.67
5872.14
5857.93
5849.85
5844.25
5926.08
5968.61
5861.66
5692.18
5656.1
5609.83
5510.71
5499.79
5696.11
5680.78
5874.48
5957.75
6097.57
6048.15
6011.65
6196.26
6122.54
6088.34
6070.5
5951.45
5972.11
5906.73
6059.06
6046.52
6140.42
6219.17
6242.64
6147.75
6209.92
6167.47
6186.44
6243.46
6294.66
6207.09
6190.83
6069.85
6059.21
6073.76
6182.59
6196
6257.73
6390.68
6387.21
6448.12
6462.3
6390.62
6455.39
6355.59
6306.93
6205.09
6065.73
5867.83
5910.32
5642.48
5663.98
5711.53
5739.28
5807.3
5742.66
5755.92
5910.69
5801.47
5789.84
5574.71
5443.18
5541.64
5549.96
5706.4
5729.9
5669.53
5623.23
5736.19
5675.65
5571.08
5527.8
5599.42
5591.02
5433.02
5499.33
5405.42
5399.96
5562.23
5562.12
5537.81
5536.42
5399.5
5445.77
5460.53
5384.89
5316.04
5123.04
5071.76
5153.71
4969.32
4995.08
5047.82
5130.8
5255.23
5377.86
5388.52
5262.01
5202.59
5416.5
5393.01
5318.01
5250.82
5242.11
5161.92
5043.5
5159.23
5039.48
5045.07
4855.34
4858.44
5005.04
4940.38
4916.59
4920.89
4636.67
4572.35
4720.73
4700.23
4851.44
4852.07
4817.93
4887.43
4931.47
4919.02
4888
4919.26
4887.79
4956.49
4968.85
4935.92
4878.85
4789.63
4800.63
4764.94
4644.58
4588.06
4534.15
4459.37
4533.27
4668.01
4660.53
4647.37
4580.17
4457.16
4633.86
4482.65
4491.31
4429.25
4328.4
4286.94
4185.95
4222.22
4208.8
4191.81
4162.77
4171.76
4075.98
4067.79
3924.04
3964.28
3947.61
3850.04
3910.98
4131.47
4223.32
4280.81
4458.17
4463.52
4386.46
4589.88
4574.8
4564.06
4601.37
4554.13
4498.73
4579.14
4500.55
4583.68
4566.1
4725.34
4757.98
4811.01
4664.65
4676.47
4671.77
4665.56
4813.53
4790.61
4726.5
4653.5
4579.45
4707.61
4723.16
4677.89
4633.03
4612.6
4646.69
4683.18
4793.93
4727.49
4755.4
4738.98
4823.67
4755.01
4699.41
4669.7
4588.14
4582.05
4545.62
4535.93
4549.23
4595.67
4572.77
4544.5
4484.43
4567.37
4547.32
4457.75
4452.45
4524.87
4626.32
4689.86
4701.08
4836.93
4813.73
4850.8
4991.26
4992.42
5017.7
4943.29
4907.78
4951.03
4945.87
4993.27
5078.8
5057.32
4972.59
5015.16
4833.58
4735.37
4643.87
4618.98
4624.87
4507.96
4493.99
4705.08
4605.31
4550.83
4550.7
4548.35
4609.2
4454.35
4456.69
4432.46
4526.69
4499.69
4418.11
4397.44
4350.59
4319.99
4260.45
4328.15
4378.99
4476.17
4357.99
4539.72
4515.07
4599.25
4586.92
4570.68
4498.83
4496.05
4514.24
4477.01
4321.22
4337.61
4311.56
4358.39
4499.18
4575.83
4552.45
4537.39
4541.36
4530.4
4459.81
4487.59
4609.32
4566.66
4658.3
4648.12
4556.1
4564.93
4374.94
4233.54
4139.5
4200.32
4148.07
4187.82
4202.12
4220.45
4275.91
4191.25
4244.18
4261.02
4334.59
4341.1
4331.24
4283.77
4255.8
4251.59
4216.64
4271.3
4349.52
4465.57
4451.11
4474.41
4543.04
4555.9
4692.94
4678.08
4738.34
4740.45
4826.94
4832.2
4804.65
4878.43
4881.9
4892.36
4973.19
4999.07
5048.91
5002.58
4921.72
4909.31
4933.79
4894.01
4877.9
4872.15
5017.78
5095.24
5095.31
5151.85
5322.26
5367.97
5358.91
5282.38
5239.96
5349.94
5335.86
5413.87
5299.51
5287.38
5219.3
5261.01
5287.89
5402.75
5394.75
5451.8
5342.46
5307.18
5318.34
5390.51
5377.19
5259.45
5225.83
5259.07
5232.55
5214.6
5255.24
5442.27
5436.75
5488.74
5516.8
5512.16
5543.61
5611.86
5646.62
5686.85
5558.25
5553.43
5523.12
5650.83
5691.79
5715.95
5673.18
5625.63
5639.03
5727.01
5680.69
5623.43
5645.28
5623.22
5699.26
5747.14
5750.81
5757.91
5675.75
5684.01
5722.36
5688.23
5650.11
5643.5
5611.41
5581.66
5699.86
5747.79
5851.2
5856.68
5821.8
5869.88
5972.47
5938.42
5924.38
6035.74
6042.71
6077.89
6061.46
6041.86
5952.23
5918.14
5958.55
6075.45
6095.87
6108.13
6045.12
6087.45
6108.99
6142.32
6013.4
6056.83
6059.03
6022.08
5982.75
6035.44
6044.77
5952.32
5939.47
5865.51
5834.24
5830.06
5821.58
5861.18
5860.61
5740.57
5771.77
5870.17
5911.45
5884.97
5920.46
5900.05
5847.15
5859.56
5803.42
5867.05
5858.32
5924.24
5887.23
5752.01
5768.76
5759.23
5835.11
5845.51
5857.87
5853.7
5857.21
5804.89
5866.75
5890.69
6041.56
6125.42
6144.01
6141.25
6169.17
6226.98
6219.71
6210.22
6274.97
6264.37
6269.71
6384.63
6386.25
6312.65
6375.38
6319.96
6252.23
6241.39
6268.14
6353.35
6463.09
6488.34
6454.39
6436.95
6549.18
6565.37
6600.47
6605.85
6681.52
6665.54
6665.89
6589.23
6644.28
6693.25
6750.54
6888.43
6975.26
6932.17
7034.1
6943.68
6901.48
6973.9
6874.91
6879.11
6800.24
6635.98
6589.72
6577.98
6787.03
6815.09
6359.92
6172.89
6213.56
6156.73
6132.62
6474.11
6494.71
6522.19
6523.49
6545.54
6682.73
6635.54
6646.74
6672.86
6620.36
6777.78
6794.33
6880.18
6736.79
6818.2
6779.18
6799.97
6810.25
6732.09
6748.1
6710.7
6646.8
6574.75
6402.21
6117.81
6029.77
6188.15
5854.23
5909.79
6040.26
5825.05
5886.36
5958.79
5918.09
5777.32
5482.96
5557.68
5860.58
5815.33
5964.94
5942.08
5958.38
6027.27
6033.05
6137.26
5977.84
5986.2
5875.67
5671.45
5724.89
5935.82
5986.76
5965.7
5867.51
5735.07
5574.08
5646.49
5560.16
5664.35
5569.29
5556.54
5729.3
5779.09
5802.55
5709.84
5741.52
5839.44
5836.91
5746.7
5659.78
5733.57
5727.78
5713.39
5777.72
5758.74
5685.57
5623.65
5542.8
5502.14
5489.1
5325.68
5409.13
5387.96
5373.85
5331.71
5398.61
5383.57
5349.66
5420.57
5350.4
5367.22
5316.87
5427.61
5399.16
5399.45
5393.73
5367.34
5368.02
5389.93
5352.01
5342.49
5427.75
5602.99
5622.86
5660.97
5813.39
5797.71
5788.94
5765.54
5858.14
5852.85
5761.14
5775.99
5846.83
5846.02
5842.93
5846.19
5928.22
5919.77
5871.07
5891.05
5818.39
5864.54
5949.26
5970.18
5937.25
5892.21
5849.22
5809.75
5845.69
5945.35
6077.96
6081.01
6060.61
6103
6102.16
6089.28
5979.56
5963.07
5831.07
5820.82
5772.12
5807.79
5788.34
5797.24
5774.67
5662.88
5650.97
5695.56
5705.93
5656.17
5759.61
5862.85
5860.73
5931.31
5937.46
5945.2
5948.49
5874.52
5917.16
5906.69
5910.85
6028.68
6049.49
6026.55
5838.42
5851.1
5911.31
5855.24
5778.65
5785.26
5844.76
5798.62
5867.95
5893.27
5919.17
5925.28
5892.51
5913.97
5911.63
5878.89
5909.65
6002.58
6019.23
6009.32
5985.94
5987.85
6001.52
5997.67
6019.42
5985.94
6000.57
6088.49
6100.86
6139.69
6143.12
6060.46
5988.37
5982.12
5935.99
5942.85
5975.66
5879.08
5853.94
5889.52
5945.27
5933.57
5895.35
5888.1
5848.91
5771.48
5782.75
5835.37
5842.76
5879.93
5994.23
5981.54
6018.69
6034.6
6112.4
6122.39
6143.49
6072.16
6115.43
6142.78
6107.17
6121.52
6128.34
6207.83
6259.69
6225.25
6202.38
6193.62
6220.52
6173.34
6213.28
6192.53
6204.23
6155.51
6063.48
6072.36
6032.47
6043.95
6058.96
6018.79
6019.49
6001
6065.91
6048.74
5961.24
5957.98
6005.88
6028.75
6019.93
6013.49
5971.76
6024.07
5979.42
5993.89
5998.08
5976.68
5888.37
5715.16
5748.35
5693.01
5721.99
5747.09
5758.31
5805.25
5778.27
5842.27
5818.07
5818.22
5803.68
5927.5
5967.96
5966.85
5949.8
5917.13
5934.6
5981.48
5925.88
5894.01
5890.83
5970.71
5954.69
5885.45
5909.1
5888.53
5939.42
5991.55
6009.52
6011.56
5971.62
6039.48
6107.95
6137.57
6105.79
6161.66
6145.92
6192.35
6231.05
6205.76
6252.1
6282.41
6293.56
6296.89
6278.46
6357.83
6373.86
6340.69
6302.99
6316.84
6231.65
6241.94
6272.14
6271.2
6232.04
6222.05
6212.6
6201.4
6298.86
6358.81
6377.09
6418.35
6410.59
6416.34
6423.81
6394.03
6380.73
6420.45
6366.16
6327.25
6375.64
6311.98
6307.93
6343.54
6455.57
6446.01
6380.03
6380
6356.84
6353.71
6350.9
6245.13
6242.4
6241.92
6205.09
6158.94
6206.65
6195.18
6127.24
6109.66
6136.55
6049.44
6032.12
6033.47
6116.05
6098.78
6140.14
6141.14
6149.88
6119.06
6164.98
6169.08
6148.7
6082.56
6031.24
6035.59
6105.35
6067.34
5972.06
5925.54
5930.2
5945.05
5931.38
6009.99
6118.61
6123.92
6142.12
6135.01
6095.81
6081.84
6066.59
5987.4
5960.11
5969.07
5826.27
5830.79
5694.16
5748
5738.76
5717.28
5721.31
5700.72
5661.18
5632.97
5764.3
5798.41
5870.37
5858.01
5911.74
5860.39
5849.63
5971.06
5988.37
6075.26
6083.62
6030.74
6046.2
6020.94
6106.74
6103.42
6059.19
6123.52
6111.89
6128.2
6203.84
6139.51
6203.47
6179.82
6228.95
6348.31
6350.52
6329.52
6249.19
6264.36
6266.29
6261.18
6235.35
6258.47
6350.69
6431.42
6427.84
6471.89
6417.2
6512.63
6534.77
6531.59
6524.4
6575.53
6548.34
6462.06
6591.77
6616.44
6709.87
6694.82
6742.39
6707.4
6735.89
6725.61
6682.35
6724.18
6711.04
6498.92
6512.29
6486.63
6381.97
6451.94
6532.18
6594.6
6719.96
6720.08
6624.11
6630.13
6594.92
6562.29
6612.97
6598.49
6683.93
6673.75
6686.55
6631.51
6530.7
6474.69
6538.22
6561.63
6613.39
6642.96
6553.66
6575.78
6494.15
6459.57
6486.47
6490.68
6544.63
6460.01
6518.7
6504.98
6528.57
6516.52
6458.03
6391.26
6364.6
6376.62
6421.85
6453.85
6498.03
6546.06
6613.97
6660.76
6665.6
6760.82
6781.94
6780.64
6757.17
6808.5
6855.74
6952.54
7000.09
6989.46
7038.78
7102.74
7093.05
7096.04
7059.94
7168.98
7136.21
7171.77
7199.6
7242.37
7345.04
7370.44
7474.05
7388.94
7324.71
7361.45
7278.96
7176.35
7069.9
7116.83
7034.03
7074.15
6938.26
6843.98
6877.01
6861.65
6879.51
6878.88
6846.95
6872.84
6959.64
6715.27
6730.27
6612.74
6331.81
6444.63
6442.9
6337.21
6469.01
6426.39
6575.77
6583.04
6363.55
6299.59
6485.15
6452.31
6523.68
6572.39
6540.93
6607.39
6704.41
6718.5
6734.51
6659.96
6659.07
6660.61
6682.46
6639.13
6634.09
6567.6
6428.03
6257.8
6285.31
6277.24
6443.74
6420.01
6359.63
6390.99
6376.39
6459.25
6480.07
6454.58
6441.46
6471.42
6462.32
6442.61
6416.61
6502.14
6573.22
6578.61
6571.1
6611.9
6615.13
6696.63
6733.46
6721.08
6505.92
6590.2
6556.33
6550.64
6526.22
6444.76
6479.91
6587.12
6611.77
6651.46
6750.78
6734.73
6688.4
6685.23
6693.11
6693.88
6625.73
6664.87
6598.87
6681.09
6882.48
6881.87
6877.77
6889.89
6885.6
6911.21
6901.75
6946.27
6885.12
6883.05
6960.95
6956.88
6874.98
6997.24
7006.67
6984.58
7068.8
7151.42
7075.13
7017.6
6995.83
7039.37
7040.26
7097.42
7059.89
7080.84
7086.74
6995.2
7021.32
7013.99
7078.1
7161.61
7120.44
7184.65
7178.34
7151.13
7174.2
7136.06
7204.04
7236.85
7257.48
7259.54
7261.48
7309.69
7348.77
7384.69
7427.36
7498.15
7444.94
7474.19
7567.72
7613.57
7647.01
7609.9
7693.33
7686.52
7636.3
7612.12
7458.56
7450.3
7480.41
7538.82
7624.62
7598.88
7648.35
7620.94
7652.47
7646.81
7727.59
7733.18
7732.93
7823.72
7920.8
7917.3
7934.51
7835.57
7736.71
7790.01
7698.52
7618.55
7761.71
7783.5
7792.08
7833.98
7895.18
7840.08
7842.47
7852.36
7935.54
7923.77
7821.32
7751.79
7739.91
7699.64
7701.54
7777.03
7783.12
7875.75
7850.06
7842.22
7859.53
7776.36
7736.83
7809.45
7900.2
7901.96
7678.67
7670.77
7344.56
7451.06
7480.89
7573.87
7568.2
7629.15
7684
7570.27
7695.96
7719.8
7737.46
7736.2
7757.03
7823.67
7859.32
7877.82
7845.17
7788.14
7848.33
7884.41
7884.99
7932.91
8004.61
8056.56
8048.39
8084.45
8075.2
8002.3
8043.54
7959.29
8003.31
7888.63
7942.67
8010.46
8045.01
7984.65
8000.04
7949.42
7875.42
7903.04
7926.66
8066.06
8115.27
8095.84
8052.7
8096.86
8031.54
8030.56
7975.03
7988.57
8037.96
8034.14
8141.59
8188.63
8221.79
8216.41
8159.97
8156.82
8181.49
8147.34
8144.95
8249.9
8294.79
8303.99
8314.68
8355.26
8300.71
8338.88
8370.26
8346.39
8450.72
8573.64
8755.88
8851.99
8846.39
8939.19
8865.75
8844.22
8892.83
8883.21
8939.49
8996.2
9068.98
9148.78
9188.31
9369.84
9384.73
9290.95
9354.41
9471.3
9417.32
9509.73
9485.35
9473.31
9585.9
9621.57
9744.06
9740.13
9566.42
9162.28
9072.57
9287.25
8891.88
8950.57
9057.82
8941.73
8862.31
9099.46
9182.6
8931.31
8938.96
8910.99
8593.04
8201.37
8090.29
8515.6
8479.08
8493.46
8732.84
8690.09
8718.31
8727.55
8643.32
8771.21
8982.16
8979.96
8922.98
8913.85
9017.08
9018.08
8937.58
9003.12
9018.12
8927.42
9031.63
8899.91
8926.38
8983.03
9105.28
9257.47
9413.65
9411.95
9488.5
9623.25
9700.07
9627.39
9617.26
9717.17
9639.83
9697.67
9496.47
9518.45
9592.47
9562.16
9637.07
9611.72
9360.63
9502.39
9442.62
9568.26
9631.51
9809.88
9757.93
9711.37
9598.23
9273.09
9308.6
9292.8
9300.22
8937.58
8970.92
8670.61
8727.21
8942.93
8905.41
8764.82
8680.71
8680.86
8484.11
8499.37
8342.2
8528.33
8375.76
8276.26
8447.03
8586.4
8583.84
8651.28
8676.95
8694.41
8722.38
8598.03
8638.33
8490.84
8187.95
8118.08
7830.85
7807.39
8014.31
7857.08
7941.44
8135.48
8167.07
8156.39
8313.72
8396.95
8506.28
8323.05
8184.2
8221.1
7883.37
7962.91
8085.06
8057.27
8029.31
8173.41
8428.84
8179.54
8101.63
8184.65
8110.2
7581.96
7408.4
7517.05
7739.59
7485.79
7576.42
7543.5
7521.13
7673.99
7553.3
7550.55
7865.28
7876.37
7890.9
8024.41
7894.47
8085.93
8108.71
8286.31
8307.67
8462.08
8412.76
8262.87
8470.11
8483.95
8658.64
8531.38
8299.37
8381.6
8435.3
8210.99
8161.39
8005.46
8057.82
8179.35
8337.62
8524.99
8865.35
8795.09
8768.02
8605.95
8623.48
8572.59
8419.72
8605.32
8596.34
8729.79
8672.85
8667.93
8829.4
8909.58
8892.68
8924.78
9066.04
9090.43
9074.34
9083.32
9037.25
9008.49
8990.33
8947.83
9079.6
8891.74
8919.92
8963.63
8837.07
8857.37
8926.34
8866.62
8792.39
8830.05
8989.53
9018.42
9157.18
9197.41
9295.2
9068.89
9015.57
9008.03
8834.73
8707.83
8778.39
8665.73
8684.92
8619.08
8724.47
8579.43
8627.8
8738.46
8745.35
8587.96
8370
8345.59
8062.31
8105.59
8169.77
8201.79
8217.58
8047.74
7902.44
7876.49
7738.12
7855.06
7811.8
7548.76
7523.54
7407.98
7353.86
7394.1
7228.41
7341.11
7051.85
7048.25
7075.65
7244.76
7156.96
6834.24
6710.64
6974.51
6815.32
7085.67
7065.65
7309.83
7368.08
7233.62
7014.47
7070.35
7024.06
7002.54
6977.36
6813.4
7026.24
7024.58
7209.04
7325.62
7293.8
7292.34
7326.07
7196.5
7000.74
6978.6
7040.9
6918.48
6911.64
7030.72
6964.6
7080.97
7033.37
7046.11
6813.09
6699.82
6584.93
6412.63
6307.28
6658.69
6424.77
6458.01
6251.95
6310.68
6052.45
5756.59
5800.87
5641.95
5970.38
6110.6
6182.21
6132.6
6060.83
5929.63
5719.28
5764.01
5703.72
5742.23
5505.7
5524.66
5206.4
5130.71
5020.44
5291.56
5246.26
5075.97
4960.4
4931.84
4942.72
4862.59
4730.51
4579.62
4366.87
4399.97
4406.52
4683.64
4870.66
4995.06
4992.63
4978.26
4694.12
4742.33
4740.27
4638.57
4615.57
4437.83
4452.7
4439.8
4305.18
4284.09
4089.93
4171.1
4160.54
4266.49
4271.8
4453.75
4460.49
4518.43
4356.98
4307.26
4254.96
4225.07
4418.33
4472.66
4658.87
4655.57
4481.27
4613.72
4616.89
4648.02
4694.81
4694.52
4535.54
4405.86
4423.09
4413.45
4425.08
4416.16
4589.04
4591.22
4698.31
4727.26
4789.84
4535.79
4502.74
4453.9
4532.36
4521.47
4320.77
4353.7
4366.76
4242.61
4247.97
4259.98
4372.81
4389.97
4363.25
4471.25
4494.59
4526.1
4575.95
4466.42
4592.5
4591.26
4491.78
4498.37
4528.87
4436.94
4477.78
4430.18
4493.74
4518.56
4557.15
4425.83
4435.34
4541.42
4637.2
4653.63
4628.24
4671.02
4759.96
4754.65
4897.39
4971.32
5041.39
5047.54
5035.93
4961.62
5124.18
5242.18
5346.38
5386.56
5390.7
5206.05
5210.84
5314.45
5473.78
5529.63
5556.22
5576.85
5443.56
5667.8
5781.96
5857.64
5892.68
5875.19
5997.17
5755.38
5781.66
5881.41
5886.11
5875.24
5880.77
5705.05
5596.73
5614.06
5992.57
6330.4
6379.94
6566.7
6572.87
6583.87
6647.5
6432.55
6485.14
6364.17
6489.09
6577.81
6655.59
6703.62
6718.81
6737.29
6734.46
6683.11
6890.44
6954.1
6949.08
6893.14
6786.06
6767.1
6628.02
6414.39
6462.27
6567.37
6448.23
6225.56
6220.81
6195.91
6144.53
6231.15
6341.21
6197.47
6380.08
6457.61
6463.56
6391.15
6432.16
6578.97
6667.53
6665.4
6649.91
6715.22
6668.14
6748.18
6769.86
6530.82
6639.41
6738.6
6780.3
6850.99
6938.86
6953.34
6985.32
6980.88
6973.28
7028.43
7142.63
7083.63
7027.11
7077.71
7056.71
6955.87
6848.24
6868.65
6882.87
6909.02
6898.9
7034.96
7069.51
6931.8
6789.77
6788.58
6733.23
6654.8
6838.25
6809.41
6719.21
6690.75
6809.86
6825.95
7019.75
7039.77
7104.65
7153.13
7224.59
7313.99
7250.72
7332.08
7337.14
7256.95
7346.26
7440.24
7477.3
7526.55
7502.46
7469.03
7376.76
7324.22
7345.22
7284.61
7429.98
7509.17
7545.29
7411.88
7437.98
7536.05
7608.66
7503.31
7571.96
7599.88
7596.6
7695.75
7710.4
7715.1
7751.32
7753.52
7701.5
7607.93
7649.28
7668.4
7657.34
7533.95
7355.69
7340.08
7335.18
7322.93
7467.04
7417.46
7463.05
7536.7
7593.49
7668.06
7670.93
7665.63
7792.68
7733.21
7766.69
7759.98
7682.97
7687.15
7714.56
7756.31
7739.16
7490.91
7582.21
7649.23
7677.62
7684.67
7650.91
7775.64
7768.71
7797.42
7677.91
7795.07
7819.13
7807.62
7751.6
7742.17
7753.63
7787.27
7856
7901.5
7963.54
7972.59
8057.49
8053.83
8112.28
8188.11
8207.85
8211.4
8327.62
8237.42
8280.9
8323.82
8309.37
8196.56
8289.98
8356.89
8337.82
8249
8220.93
8127.87
7927.31
7872.99
7598.81
7560.03
7694.58
7640.44
7524.67
7429.61
7547.98
7542.04
7217.83
7215.88
7361.04
7441.84
7560.04
7597.44
7529.67
7426.96
7436.1
7577.75
7597.62
7629.52
7569.8
7666.26
7762.27
7770.59
7779.08
7749.66
7748.33
7634.92
7695.63
7847.84
7886.34
7897.91
7835.98
7811.87
7822.71
7838.1
7876.86
7947.45
7962.22
7920.06
8013.09
8025.93
8089.65
8121.78
8057.6
8092.03
8117.75
8029.73
8097.13
8171.94
8111.57
7854.22
7900.42
7990.53
7978.69
8004.89
8158.14
8146.44
8081.55
8054.05
8004.25
7952.17
7930.77
7696.9
7579.48
7567.1
7664.73
7608.44
7602.7
7770.57
7772.13
7598.72
7585.3
7559.16
7424.43
7237.71
7322.73
7086.37
7167.35
7243.16
7295.32
7373.98
7289.33
7195.71
7360.28
7344.59
7157.83
7151.99
7071.67
7181.77
7299.49
7387.4
7454.06
7515.78
7493.11
7635.56
7612.68
7582.15
7589.89
7474.71
7500.79
7423.57
7329.37
7254.06
7330.74
7439.96
7548.48
7534.46
7608.85
7647.25
7639.55
7597.42
7714.51
7704.52
7664.57
7649.83
7712.03
7701.29
7666.34
7761.22
7787.45
7748.01
7784.81
7798.99
7760.63
7911.68
7957.53
7972.66
7936.85
7963.3
8034.49
7976.74
7895.03
7829.79
7891.58
7941.22
7931.09
7924.1
7928.94
7927.31
7975.93
7940.64
7736.98
7689.74
7722.91
7741.2
7616.28
7668.25
7720.82
7830.21
7890.95
7884.4
7851.31
7835.54
7890.11
8091.3
8132.6
8163.82
8099.75
8158.33
8186.96
8196.4
8202.54
8166.62
8191.54
8189.44
8240.89
8237.78
8244.18
8246.1
8200.43
8284.03
8283.92
8244.19
8176.76
8090.22
8106.66
8215.45
8205.3
8060.54
8046.23
8124.62
8131.23
8168.06
8306.98
8343.23
8291.04
8354.05
8287.09
8379.75
8344.76
8293.9
8357.85
8449.34
8430.58
8445.63
8450.63
8436.95
8316.05
8240.65
8312.21
8255.54
8283.45
8306.12
8374.91
8328.63
8297.05
8349.99
8312.15
8367.17
8372.48
8520.11
8585.77
8624.01
8702.23
8704.39
8703.79
8753.84
8718.83
8736.59
8740.43
8756.71
8782.2
8817.9
8768.72
8827.79
8860.49
8898.87
8861.1
8892.31
8870.76
8866.35
8907.91
8972.5
9025.3
8997.19
8846.31
8883.21
8782.72
8817.88
8931.36
8965
8975.58
8972.51
8925.09
8988
9086.02
9022.17
8954.38
8947.79
8991.39
9055.59
9102.33
9145.35
9111.46
9006.82
8836.56
8609.86
8685.47
8721.93
8712.96
8683.88
8843.84
8839.22
8673.67
8528.94
8541.64
8599.65
8727.56
8619.9
8738.37
8784.4
8713.79
8747.75
8750.02
8642.9
8567.82
8520.02
8234.78
8324.58
8282.69
8394.75
8467.71
8508.04
8545.08
8576.4
8610.39
8553.06
8596.57
8646.31
8683.3
8705.13
8851.98
8901.72
8894.54
8880.27
8732.59
8780.2
8802.73
8718.12
8714.48
8638.55
8813.28
8957.65
8969.43
8950.75
8948.14
9049.25
9040.77
9007.87
8946.08
8947.35
9018.61
8977.23
9035.48
9023.28
9020.4
9033.68
9006.61
8911.71
8884.09
8944.84
8892.88
8837.03
8747.51
8756.61
8727.09
8788.4
8810
8823.68
8988.84
9062.35
8991.36
9046.28
9057.1
9007.53
9000.94
8837.82
8712.95
8829.21
8831.45
8654.43
8636.1
8530.68
8597.62
8621.04
8567.28
8532.83
8500.16
8478.86
8573.38
8652.59
8739.82
8774.72
8784.44
8824.44
8773.42
8749.55
8665.85
8491.01
8488.06
8481.35
8574.91
8538.57
8524.57
8706.17
8717.14
8765.32
8683.51
8794.24
8817.49
8767.2
8644.18
8701.38
8584.72
8456.86
8317.27
7853.13
7552.8
7493.12
7736.32
7719.09
7637.02
7819.39
7798.59
7741.76
7614.97
7342.96
7312.59
7550.23
7502.93
7410.87
7445.1
7578.01
7646.19
7741.36
7757.76
7757.06
7551.57
7367.19
7529.01
7548.37
7610.57
7391.37
7228.47
7385.68
7577.4
7480.88
7492.85
7535.88
7305.5
7046.22
6877.12
7089.95
7146.98
7182.61
7225.38
7013.97
7047.87
6989.15
7132
7211.96
7398.71
7382.35
7428.33
7358.08
7461.12
7359.48
7353.37
7244.32
7254.51
7470.3
7491.21
7535.82
7565.21
7616.06
7587.69
7622.01
7598.45
7460.31
7603.23
7621.72
7600.79
7561.86
7308.68
7367.29
7525.65
7491.06
7387.52
7387.81
7233.78
7042.64
7000.03
6806.43
6864.39
6784.52
6898.78
6988.65
6904.12
7178.69
7140.68
7098.08
6956.28
7033
6982.9
6893.3
6949.04
6896.31
6922.57
6764.59
6785.09
6633.33
6662.64
6966.48
6966.35
7110.73
7092.58
7085.03
7056.67
7074.82
7072.08
6952.21
7053.38
7082.97
7130.86
7120.51
7093.04
7178.87
7188.21
7186.58
7181.54
7103.62
7221.08
7233.69
7407.41
7517.08
7549.21
7652.46
7674.99
7687.98
7707.44
7869.91
7910.78
7862.27
7912.91
7884.08
8005.24
7869.7
7894.36
7954.82
7921.5
8001.68
7937.3
7959.34
8121.44
8118.34
8144.04
8004.74
7937.97
7903.08
7984.56
8016.01
7927.55
8031.51
8125.26
8121.62
8054.94
8043.92
7972.7
7981.94
8059.94
8076.61
7967.62
8029.46
8038.07
7872.66
7933
7862.9
7760.85
7639.82
7706.26
7600.87
7640.68
7656.67
7662.92
7788.27
7729.86
7585.87
7605
7622.69
7507.15
7481.09
7498.84
7563.18
7521.35
7480.5
7501.72
7676.81
7659.53
7700.95
7538.08
7545.71
7475.71
7484.01
7401.37
7377.18
7395.64
7234.57
7356.77
7151.19
7192.23
7274.89
7147.75
7124.89
7071.63
7136
7342.29
7261.8
7301.5
7106.09
6894.66
7000.45
7056.15
7080.31
6999.65
7120.23
7072.08
7088.83
7075.1
7155.83
7281.5
7273.13
7334.63
7279.05
7222.05
7166.38
7137.93
7183.01
7169.61
7296.28
7345.16
7418.36
7422.59
7387.78
7368.59
7309.96
7251.35
7257.91
7130.93
7104.27
7090.04
7127
7049.05
7148.57
7164.68
7028.73
7008.35
6979.13
6970.69
7124.49
7158.88
7270.49
7267.96
7217.51
7286.33
7295.46
7319.8
7433.7
7441.12
7436.3
7479.25
7467.74
7490.21
7467.92
7431.91
7506.81
7496.58
7505.17
7477.53
7468.22
7361.94
7391.15
7371.44
7397.06
7450.53
7451.35
7367.44
7326.72
7424.91
7482.74
7485.13
7570.45
7578.8
7738.05
7762.22
7734.26
7781.91
7727.55
7754.59
7768.3
7734.13
7669.63
7683.8
7715.16
7675.72
7718.68
7684.63
7682.34
7690.65
7615.89
7592.01
7451.72
7437.04
7418.9
7471.02
7464.4
7465.41
7408.76
7373.04
7337.48
7314.88
7262.08
7134.06
7091.67
7182.59
7166.05
7179.64
7210.47
7185.36
7236.68
7287.18
7242.63
7293.22
7267.75
7136.05
7159.75
7143.84
7130.07
7129.04
7145.77
7088.49
7105.76
7326.01
7407.37
7430.2
7434.93
7503.55
7580.17
7599.91
7600.98
7649.05
7623.26
7642.26
7609.5
7613.69
7690.19
7757.09
7698.77
7631.28
7643.74
7677.47
7595.46
7519.93
7535.52
7636.57
7634.19
7648.41
7699.5
7779.22
7836.84
7805.99
7755.09
7721.66
7738.64
7811.64
7819.15
7823.97
7765.02
7700.43
7616.64
7732.87
7724.92
7759.1
7744.18
7695.99
7672.58
7714.67
7802
7832.98
7850.02
7855.97
7923.16
7886.94
7906.65
7943.53
7960.88
8029.1
7957.46
7947.72
7947.68
7880.9
7897.98
7897.98
7964.63
7867.34
7932.71
7950.3
7960.51
8015.14
8038.72
7994.71
7995.51
7951.76
7927.49
7811.34
7838.47
7798.03
7811.84
7796.22
7856.12
7856.36
7894.12
7866.88
7918.61
7899.24
7913.18
7942.35
7752.79
7728.54
7752.8
7857.98
7821.63
7763.53
7801.05
7809.07
7791.35
7930.8
7970.38
7942.77
8023.71
8021.75
8022.06
8029.74
8093.66
8128.51
8135.03
8169.05
8163.06
8267.09
8285.89
8280.26
8248.32
8251.82
8318.59
8390.05
8368.19
8377.05
8383.05
8398.84
8237.83
8209.78
8280.1
8263.05
8337.9
8243.29
8254.8
8201.02
8191.22
8181.91
8096.14
8095.2
8160.55
8116.15
7951.66
7937.74
7992.89
8011.02
8007.39
7898.91
7793.31
7758.03
7663.23
7784.8
7883.9
8062.21
8036
8015.86
7911.42
7893.72
8001.82
7886.34
7971.18
8011.69
8179.54
8220.49
8254.68
8260.11
8258.95
8194.88
8062.03
8105.45
8214.65
8196.19
8163.58
8149.4
8084.5
8163.55
8107.94
8056.22
8099.88
8138.63
8038.91
7921.29
7907.67
7856.14
7903.38
7986.27
7951.33
7887.26
7925
7900.21
7832.65
7814.38
7873.31
7894.97
7820.84
7824.54
7917.66
8021.89
8038.86
8088.37
8083.44
8169.1
8164.2
8192.11
8208.77
8208.99
8225.36
8168.2
8255.34
8249.78
8209.18
8292.83
8299.12
8283.9
8184.68
8230.68
8173.87
8187.02
8216.52
8359.02
8364.55
8333.66
8375.65
8344.73
8349.37
8273.96
8367.88
8332.18
8374.68
8441.19
8419.32
8418.27
8393.62
8413.72
8346.62
8407.83
8420.98
8465.06
8450.06
8388.18
8354.14
8262.2
8281.97
8283.71
8229.59
8182.56
8195.26
8104.26
8134.91
8177.12
8191.46
8260.21
8204.46
8099.45
8116.78
8187.51
8248.02
8295.88
8362.43
8406.83
8414.61
8392.55
8418
8375.54
8367.72
8444.62
8443.39
8433.77
8361.33
8376.94
8313.87
8352.93
8349.04
8407.4
8408.53
8456.46
8450.49
8467.76
8485.89
8535.04
8623.43
8611.51
8612.54
8546.54
8500.01
8512.3
8556.01
8514.68
8529.35
8566.2
8548.14
8602.55
8612.11
8596
8621.56
8599.9
8625.3
8595.1
8598.31
8462.57
8264.48
8311.01
8387.35
8391.95
8430.56
8510.87
8467.7
8513.68
8519.55
8556.23
8577.01
8524.62
8601.86
8560.61
8575.62
8600.86
8639.58
8601.98
8554.54
8632.93
8713.79
8713.96
8665.24
8702.33
8684.73
8747.79
8687.63
8700.1
8731.94
8689.46
8597.33
8577.17
8605.38
8689.3
8737.27
8779.57
8774.64
8849.28
8873.15
8905.45
8888.54
8876.44
8888.25
8930.57
8948.1
8908.05
8857.42
8916.71
8923.82
8944.16
8966.66
8951.19
8974.71
8956.92
8945.45
8774.12
8809.71
8872.11
8791.44
8867.32
8870.43
8912.39
8893.22
8930.9
8889.69
8808.61
8817.94
8875.16
8880.65
8888.45
8899.9
8887.79
8862.42
8969.63
9008.22
9036.12
9055.29
9121.71
9109
9075.91
9123.46
9119.96
9140.72
9134.46
9162.74
9222.37
9229.8
9204.65
9196.39
9202.93
9240.6
9279.93
9316.81
9273.79
9228.35
9246.2
9242.16
9320.94
9306.83
9393.07
9441.92
9484.96
9526.23
9510.05
9520.2
9530.98
9489.98
9565.12
9495.84
9520.3
9569.17
9484.73
9408.24
9400.97
9440.97
9499.36
9499.36
9527.54
9439.29
9420.18
9391.88
9447.02
9315.85
9266.51
9330.19
9141.44
9143.97
9131.44
9085.96
9172.91
9163.12
9231.31
9230.61
9206.81
9141.31
9243.78
9288.05
9253.38
9380.1
9390.62
9393.96
9485.59
9478.37
9436.27
