11.45
11.3
11.26
11.19
11.21
11.22
11.22
11.19
11.23
11.23
11.24
11.25
11.23
11.23
11.23
11.22
11.22
11.22
11.17
11.09
11.1
11.11
11.1
11.11
11.1
11.09
11.09
11.09
11.66
11.62
11.57
11.58
11.59
11.56
11.57
11.57
11.57
11.57
11.57
11.57
11.56
11.59
11.59
11.62
11.6
11.6
11.59
11.6
11.6
11.59
11.59
11.59
11.59
11.59
11.59
11.58
11.6
11.58
11.59
11.59
11.6
11.58
11.59
11.6
11.6
11.58
11.58
11.57
11.56
11.56
11.55
11.55
11.55
11.55
11.56
11.56
11.57
11.56
11.56
11.56
11.57
11.56
11.55
11.55
11.55
11.53
11.53
11.51
11.51
11.51
11.51
11.51
11.51
11.51
11.52
11.53
11.54
11.55
11.55
11.55
11.55
11.53
11.55
11.55
11.54
11.54
11.53
11.54
11.54
11.55
11.56
11.56
11.56
11.54
11.53
11.53
11.54
11.55
11.55
11.55
11.55
11.55
11.56
11.56
11.55
11.55
11.53
11.53
11.51
11.51
11.51
11.5
11.49
11.5
11.49
11.48
11.48
11.48
11.49
11.48
11.47
11.48
11.47
11.49
11.48
11.5
10.98
10.99
10.9
10.89
10.89
10.88
10.85
10.85
10.84
10.83
10.84
10.84
10.83
10.84
10.83
10.82
10.83
10.84
10.84
10.84
10.85
10.84
10.84
10.86
10.84
10.85
10.84
10.84
10.83
10.81
10.83
10.84
10.84
10.84
10.87
10.9
10.9
10.89
10.89
10.89
10.88
10.88
10.88
10.88
10.88
10.88
10.88
10.88
10.9
10.89
10.9
10.9
10.9
10.92
10.91
10.9
10.91
10.92
10.92
10.93
10.93
10.92
10.92
10.92
10.93
10.93
10.93
10.94
10.94
10.94
10.94
10.94
10.94
10.94
10.94
10.94
10.95
10.94
10.93
10.94
10.94
10.94
10.94
10.95
10.93
10.95
10.95
10.93
10.93
10.93
10.93
10.93
10.93
10.94
10.93
10.93
10.92
10.91
10.91
10.92
10.93
10.93
10.93
10.93
10.93
10.94
10.93
10.93
10.94
10.94
10.94
10.95
10.94
10.94
10.95
10.95
10.94
10.94
10.95
10.95
10.95
10.94
10.93
10.94
10.93
10.94
10.95
10.95
10.95
10.93
10.95
10.95
10.95
10.96
10.96
10.96
10.95
10.95
10.95
10.96
10.97
10.95
10.95
10.97
10.97
10.95
10.95
10.95
10.96
10.96
10.95
10.98
10.97
10.95
