20040102	33.976	8.2767
20040105	33.9	8.2769
20040106	33.83	8.277
20040107	33.809	8.2771
20040108	33.797	8.2772
20040109	33.788	8.2772
20040112	33.717	8.277
20040113	33.718	8.277
20040114	33.69	8.2768
20040115	33.7	8.2768
20040116	33.685	8.2767
20040119	33.68	8.2766
20040120	33.719	8.2768
20040127	33.525	8.277
20040128	33.368	8.277
20040129	33.388	8.2771
20040130	33.39	8.277
20040202	33.333	8.2768
20040203	33.273	8.277
20040204	33.288	8.2772
20040205	33.285	8.2772
20040206	33.295	8.2773
20040209	33.227	8.2773
20040210	33.195	8.2773
20040211	33.149	8.2772
20040212	33.129	8.2771
20040213	33.13	8.2772
20040216	33.105	8.277
20040217	33.107	8.2772
20040218	33.1	8.277
20040219	33.179	8.277
20040220	33.22	8.2771
20040223	33.299	8.2772
20040224	33.301	8.2772
20040225	33.252	8.2771
20040226	33.311	8.277
20040227	33.365	8.277
20040301	33.32	8.2769
20040302	33.323	8.2768
20040303	33.377	8.2768
20040304	33.342	8.2768
20040305	33.401	8.277
20040308	33.403	8.2771
20040309	33.327	8.2771
20040310	33.384	8.2771
20040311	33.387	8.2771
20040312	33.472	8.2772
20040315	33.427	8.2771
20040316	33.36	8.2773
20040317	33.293	8.2773
20040318	33.228	8.2774
20040319	33.253	8.2774
20040322	33.285	8.2772
20040323	33.285	8.2773
20040324	33.251	8.2774
20040325	33.278	8.2772
20040326	33.274	8.2771
20040329	33.194	8.277
20040330	33.16	8.2771
20040331	33.02	8.2771
20040401	32.95	8.277
20040402	32.929	8.2769
20040405	32.949	8.2769
20040406	32.99	8.2769
20040407	32.924	8.2769
20040408	32.91	8.2769
20040409	32.94	8.2769
20040412	32.884	8.2769
20040413	32.798	8.277
20040414	32.92	8.2769
20040415	33.015	8.2772
20040416	32.975	8.2771
20040419	32.925	8.2769
20040420	32.945	8.2768
20040421	33.021	8.2768
20040422	33.11	8.2769
20040423	33.093	8.277
20040426	33.062	8.2769
20040427	33.044	8.2768
20040428	33.081	8.2768
20040429	33.295	8.2768
20040430	33.369	8.2769
20040503	33.328	8.2769
20040504	33.277	8.2769
20040505	33.252	8.2769
20040506	33.195	8.2769
20040507	33.314	8.2769
20040510	33.6	8.277
20040511	33.647	8.2769
20040512	33.505	8.2773
20040513	33.621	8.2773
20040514	33.663	8.2772
20040517	33.686	8.2772
20040518	33.683	8.2772
20040519	33.516	8.2771
20040520	33.617	8.2769
20040521	33.549	8.2771
20040524	33.588	8.2771
20040525	33.619	8.277
20040526	33.561	8.2769
20040527	33.537	8.2768
20040528	33.449	8.2768
20040531	33.389	8.2769
20040601	33.445	8.2768
20040602	33.559	8.2767
20040603	33.591	8.2767
20040604	33.582	8.2768
20040607	33.487	8.2767
20040608	33.47	8.2767
20040609	33.425	8.2767
20040610	33.53	8.2767
20040611	33.605	8.2768
20040614	33.7	8.2767
20040615	33.696	8.2766
20040616	33.694	8.2766
20040617	33.711	8.2766
20040618	33.785	8.2766
20040621	33.775	8.2766
20040623	33.78	8.2766
20040624	33.707	8.2767
20040625	33.68	8.2766
20040628	33.751	8.2767
20040629	33.767	8.2766
20040630	33.775	8.2766
20040701	33.699	8.2766
20040702	33.724	8.2767
20040705	33.71	8.2766
20040706	33.733	8.2768
20040707	33.712	8.2768
20040708	33.746	8.2768
20040709	33.719	8.2769
20040712	33.7	8.2769
20040713	33.732	8.2768
20040714	33.787	8.2768
20040715	33.911	8.2767
20040716	33.877	8.2767
20040719	33.876	8.2766
20040720	33.935	8.2766
20040721	33.946	8.2767
20040722	33.994	8.2766
20040723	34.065	8.2766
20040726	34.098	8.2766
20040727	34.135	8.2767
20040728	34.199	8.2767
20040729	34.185	8.2768
20040730	34.136	8.2769
20040802	34.103	8.2769
20040803	34.1	8.277
20040804	34.173	8.277
20040805	34.155	8.277
20040806	34.156	8.2769
20040809	34.106	8.2769
20040810	34.098	8.2769
20040811	34.14	8.277
20040812	34.14	8.2769
20040813	34.192	8.2769
20040816	34.195	8.2768
20040817	34.188	8.2767
20040818	34.179	8.2767
20040819	34.07	8.2767
20040820	34.046	8.2768
20040823	34.068	8.2767
20040826	34.075	8.2766
20040827	34.065	8.2766
20040830	34.079	8.2767
20040831	34.053	8.2767
20040901	33.963	8.2766
20040902	33.92	8.2766
20040903	33.907	8.2767
20040906	33.933	8.2767
20040907	33.929	8.2766
20040908	33.914	8.2767
20040909	33.902	8.2767
20040910	33.925	8.2768
20040913	33.907	8.2766
20040914	33.87	8.2766
20040915	33.811	8.2767
20040916	33.834	8.2768
20040917	33.868	8.2766
20040920	33.893	8.2767
20040921	33.92	8.2767
20040922	33.902	8.2766
20040923	33.96	8.2766
20040924	33.981	8.2766
20040927	33.998	8.2766
20040929	34.01	8.2766
20040930	33.984	8.2766
20041001	33.94	8.2766
20041004	33.876	8.2766
20041005	33.918	8.2766
20041006	33.919	8.2766
20041007	33.907	8.2766
20041008	33.88	8.2766
20041011	33.827	8.2766
20041012	33.878	8.2765
20041013	33.89	8.2765
20041014	33.87	8.2765
20041015	33.866	8.2765
20041018	33.862	8.2765
20041019	33.856	8.2765
20041020	33.814	8.2765
20041021	33.796	8.2765
20041022	33.796	8.2765
20041026	33.693	8.2765
20041027	33.615	8.2765
20041028	33.52	8.2765
20041029	33.435	8.2765
20041101	33.46	8.2765
20041102	33.482	8.2765
20041103	33.427	8.2765
20041104	33.285	8.2765
20041105	33.075	8.2765
20041108	32.89	8.2765
20041109	32.974	8.2765
20041110	33.117	8.2765
20041111	33.091	8.2765
20041112	32.99	8.2765
20041115	32.802	8.2765
20041116	32.819	8.2765
20041117	32.659	8.2765
20041118	32.42	8.2765
20041119	32.554	8.2765
20041122	32.479	8.2765
20041123	32.487	8.2765
20041124	32.387	8.2765
20041125	32.239	8.2765
20041126	32.095	8.2765
20041129	32.155	8.2765
20041130	32.205	8.2765
20041201	32.199	8.2765
20041202	31.99	8.2765
20041203	32.2	8.2765
20041206	32.07	8.2765
20041207	32.1	8.2765
20041208	32.26	8.2765
20041209	32.335	8.2765
20041210	32.475	8.2765
20041213	32.45	8.2765
20041214	32.444	8.2765
20041215	32.447	8.2765
20041216	32.34	8.2765
20041217	32.36	8.2765
20041220	32.408	8.2765
20041221	32.338	8.2765
20041222	32.302	8.2765
20041223	32.228	8.2765
20041224	32.19	8.2765
20041227	32.18	8.2765
20041228	32.03	8.2765
20041229	31.976	8.2765
20041230	31.978	8.2765
20041231	31.917	8.2765
20050103	31.845	8.2765
20050104	31.846	8.2765
20050105	32.06	8.2765
20050106	32.179	8.2765
20050107	32.138	8.2765
20050110	32.263	8.2765
20050111	32.122	8.2765
20050112	32.028	8.2765
20050113	31.868	8.2765
20050114	32.019	8.2765
20050117	31.804	8.2765
20050118	31.893	8.2765
20050119	31.802	8.2765
20050120	31.875	8.2765
20050121	31.913	8.2765
20050124	31.83	8.2765
20050125	31.881	8.2765
20050126	31.894	8.2765
20050127	31.863	8.2765
20050128	31.802	8.2765
20050131	31.79	8.2765
20050201	31.798	8.2765
20050202	31.699	8.2765
20050203	31.639	8.2765
20050204	31.623	8.2765
20050205	31.68	8.2765
20050214	31.651	8.2765
20050215	31.59	8.2765
20050216	31.569	8.2765
20050217	31.563	8.2765
20050218	31.542	8.2765
20050221	31.516	8.2765
20050222	31.332	8.2765
20050223	31.199	8.2765
20050224	31.175	8.2765
20050225	31.175	8.2765
20050301	31.045	8.2765
20050302	30.878	8.2765
20050303	30.863	8.2765
20050304	30.95	8.2765
20050307	30.879	8.2765
20050308	30.875	8.2765
20050309	30.819	8.2765
20050310	30.79	8.2765
20050311	30.82	8.2765
20050314	30.832	8.2765
20050315	31	8.2765
20050316	31.027	8.2765
20050317	31.092	8.2765
20050318	31.152	8.2765
20050321	31.294	8.2765
20050322	31.39	8.2765
20050323	31.369	8.2765
20050324	31.464	8.2765
20050325	31.5	8.2765
20050328	31.673	8.2765
20050329	31.776	8.2765
20050330	31.784	8.2765
20050331	31.53	8.2765
20050401	31.393	8.2765
20050404	31.585	8.2765
20050406	31.571	8.2765
20050407	31.555	8.2765
20050408	31.609	8.2765
20050411	31.56	8.2765
20050412	31.568	8.2765
20050413	31.54	8.2765
20050414	31.617	8.2765
20050415	31.699	8.2765
20050418	31.699	8.2765
20050419	31.573	8.2765
20050420	31.513	8.2765
20050421	31.541	8.2765
20050422	31.503	8.2765
20050425	31.374	8.2765
20050426	31.413	8.2765
20050427	31.441	8.2765
20050428	31.427	8.2765
20050429	31.279	8.2765
20050503	31.28	8.2765
20050504	31.189	8.2765
20050505	31.14	8.2765
20050506	31.16	8.2765
20050509	31.229	8.2765
20050510	31.218	8.2765
20050511	31.21	8.2765
20050512	31.263	8.2765
20050513	31.315	8.2765
20050516	31.411	8.2765
20050517	31.372	8.2765
20050518	31.383	8.2765
20050519	31.3	8.2765
20050520	31.319	8.2765
20050523	31.407	8.2765
20050524	31.356	8.2765
20050525	31.365	8.2765
20050526	31.403	8.2765
20050527	31.361	8.2765
20050530	31.33	8.2765
20050531	31.363	8.2765
20050601	31.39	8.2765
20050602	31.398	8.2765
20050603	31.303	8.2765
20050606	31.225	8.2765
20050607	31.226	8.2765
20050608	31.269	8.2765
20050609	31.308	8.2765
20050610	31.308	8.2765
20050613	31.379	8.2765
20050614	31.425	8.2765
20050615	31.385	8.2765
20050616	31.415	8.2765
20050617	31.323	8.2765
20050620	31.319	8.2765
20050621	31.39	8.2765
20050622	31.355	8.2765
20050623	31.359	8.2765
20050624	31.361	8.2765
20050627	31.365	8.2765
20050628	31.434	8.2765
20050629	31.61	8.2765
20050630	31.618	8.2765
20050701	31.687	8.2765
20050704	31.797	8.2765
20050705	32.04	8.2765
20050706	31.935	8.2765
20050707	32.07	8.2765
20050708	32.115	8.2765
20050711	31.984	8.2765
20050712	31.893	8.2765
20050713	31.979	8.2765
20050714	31.917	8.2765
20050715	31.942	8.2765
20050719	31.936	8.2765
20050720	32.001	8.2765
20050721	31.953	8.2765
20050722	31.648	8.11
20050725	31.754	8.1097
20050726	31.866	8.1099
20050727	31.966	8.1128
20050728	31.953	8.108
20050729	31.996	8.1056
20050801	31.92	8.1046
20050802	31.844	8.1032
20050803	31.893	8.1051
20050804	31.82	8.1027
20050808	31.949	8.109
20050809	31.963	8.107
20050810	31.929	8.1062
20050811	31.905	8.1002
20050812	31.892	8.098
20050815	31.966	8.0971
20050816	31.992	8.1002
20050817	32.066	8.0997
20050818	32.114	8.1007
20050819	32.189	8.1047
20050822	32.118	8.1056
20050823	32.129	8.1012
20050824	32.28	8.1005
20050825	32.293	8.1002
20050826	32.31	8.0965
20050829	32.487	8.0954
20050830	32.657	8.0973
20050831	32.751	8.0998
20050902	32.529	8.0935
20050905	32.422	8.0916
20050906	32.586	8.0913
20050907	32.643	8.0925
20050908	32.746	8.0945
20050909	32.75	8.0956
20050912	32.684	8.0924
20050913	32.741	8.094
20050914	32.774	8.0912
20050915	32.833	8.0887
20050916	32.931	8.0871
20050919	33.096	8.0908
20050920	33.048	8.089
20050921	33.088	8.0911
20050922	33.135	8.0881
20050923	33.173	8.091
20050926	33.274	8.0929
20050927	33.282	8.092
20050928	33.282	8.0939
20050929	33.217	8.093
20050930	33.188	8.092
20051003	33.246	8.092
20051004	33.298	8.092
20051005	33.238	8.092
20051006	33.26	8.092
20051007	33.232	8.092
20051011	33.262	8.0879
20051012	33.369	8.0895
20051013	33.469	8.0885
20051014	33.45	8.0896
20051017	33.45	8.0877
20051018	33.579	8.091
20051019	33.678	8.0924
20051020	33.681	8.0905
20051021	33.633	8.0885
20051024	33.77	8.0916
20051025	33.741	8.0901
20051026	33.66	8.0867
20051027	33.666	8.0862
20051028	33.606	8.084
20051031	33.551	8.0845
20051101	33.583	8.086
20051102	33.587	8.0851
20051103	33.622	8.0841
20051104	33.657	8.0856
20051107	33.69	8.0877
20051108	33.716	8.0867
20051109	33.648	8.0857
20051110	33.605	8.0847
20051111	33.473	8.0856
20051114	33.395	8.0831
20051115	33.512	8.0845
20051116	33.622	8.0835
20051117	33.629	8.0845
20051118	33.631	8.0832
20051121	33.617	8.0833
20051122	33.626	8.0839
20051123	33.487	8.0816
20051124	33.486	8.0805
20051125	33.55	8.0815
20051128	33.598	8.0825
20051129	33.52	8.0796
20051130	33.516	8.0804
20051201	33.563	8.0798
20051202	33.53	8.0806
20051205	33.493	8.0808
20051206	33.461	8.078
20051207	33.485	8.0771
20051208	33.501	8.078
20051209	33.517	8.0765
20051212	33.554	8.077
20051213	33.498	8.0751
20051214	33.362	8.0746
20051215	33.225	8.074
20051216	33.174	8.0735
20051219	33.187	8.073
20051220	33.25	8.074
20051221	33.256	8.0765
20051222	33.261	8.0775
20051223	33.178	8.0762
20051226	33.098	8.0755
20051227	33.132	8.074
20051228	33.107	8.0725
20051229	32.908	8.0709
20051230	32.85	8.0702
20060102	32.818	8.0702
20060103	32.645	8.0702
20060104	32.34	8.0676
20060105	32.016	8.0657
20060106	32.198	8.0668
20060109	31.952	8.0641
20060110	32.021	8.0657
20060111	32.07	8.0682
20060112	31.88	8.0659
20060113	31.995	8.0683
20060116	31.927	8.066
20060117	31.999	8.0665
20060118	32.125	8.0685
20060119	32.14	8.0673
20060120	32.125	8.0601
20060123	31.983	8.0647
20060124	31.98	8.0614
20060125	31.97	8.0619
20060126	31.985	8.062
20060127	31.985	8.0616
20060203	32.094	8.0616
20060206	32.095	8.0555
20060207	32.231	8.0566
20060208	32.35	8.0545
20060209	32.42	8.0537
20060210	32.267	8.0505
20060213	32.374	8.0458
20060214	32.3	8.0485
20060215	32.352	8.0469
20060216	32.401	8.0494
20060217	32.39	8.0483
20060220	32.4	8.0475
20060221	32.483	8.0465
20060222	32.646	8.0475
20060223	32.57	8.048
20060224	32.492	8.0424
20060227	32.455	8.0407
20060301	32.283	8.0369
20060302	32.31	8.0366
20060303	32.401	8.0367
20060306	32.473	8.0365
20060307	32.529	8.0424
20060308	32.53	8.0481
20060309	32.523	8.049
20060310	32.513	8.0505
20060313	32.5	8.0505
20060314	32.434	8.0473
20060315	32.4	8.0377
20060316	32.445	8.039
20060317	32.43	8.0316
20060320	32.421	8.0241
20060321	32.501	8.0277
20060322	32.557	8.0282
20060323	32.578	8.0277
20060324	32.669	8.03
20060327	32.57	8.0214
20060328	32.577	8.0206
20060329	32.598	8.0259
20060330	32.537	8.0268
20060331	32.46	8.0172
20060403	32.586	8.0199
20060404	32.472	8.016
20060406	32.329	8.008
20060407	32.328	8.0111
20060410	32.405	8.0064
20060411	32.446	8.005
20060412	32.532	8.012
20060413	32.498	8.0185
20060414	32.481	8.018
20060417	32.46	8.0205
20060418	32.486	8.024
20060419	32.408	8.0135
20060420	32.311	8.0115
20060421	32.309	8.017
20060424	31.992	8.015
20060425	31.993	8.014
20060426	32.052	8.0183
20060427	31.923	8.0161
20060428	31.913	8.014
20060502	31.786	8.014
20060503	31.627	8.014
20060504	31.689	8.014
20060505	31.646	8.014
20060508	31.38	8.007
20060509	31.497	8.0044
20060510	31.338	8.0037
20060511	31.46	8.0041
20060512	31.398	8.0061
20060515	31.648	8.003
20060516	31.82	8.003
20060517	31.574	8.0025
20060518	31.853	8.01
20060519	31.948	8.022
20060522	32.146	8.026
20060523	31.992	8.024
20060524	32.012	8.0265
20060525	32.112	8.024
20060526	32.038	8.025
20060529	32.038	8.0211
20060530	32.019	8.032
20060601	32.11	8.0204
20060602	32.08	8.023
20060605	32.049	8.0077
20060606	32.062	8.0141
20060607	32.22	8.0172
20060608	32.513	8.0089
20060609	32.45	8.0112
20060612	32.543	8.0188
20060613	32.66	8.0035
20060614	32.62	8.0005
20060615	32.541	8.0015
20060616	32.48	8.002
20060619	32.598	8.006
20060620	32.596	8.0029
20060621	32.625	7.997
20060622	32.638	7.9964
20060623	32.716	8.0002
20060626	32.729	8.002
20060627	32.664	7.9983
20060628	32.655	7.9984
20060629	32.62	7.9955
20060630	32.399	7.9943
20060703	32.31	8.0027
20060704	32.248	7.9995
20060705	32.39	7.9958
20060706	32.459	7.9925
20060707	32.397	7.9859
20060710	32.347	7.99
20060711	32.455	7.9911
20060712	32.487	7.9917
20060713	32.576	7.9924
20060714	32.687	7.998
20060717	32.86	8.0048
20060718	32.866	7.9982
20060719	32.897	8.0028
20060720	32.74	7.992
20060721	32.75	7.982
20060724	32.855	7.9871
20060725	32.8	7.9872
20060726	32.849	7.9847
20060727	32.756	7.9748
20060728	32.795	7.9705
20060731	32.756	7.969
20060801	32.818	7.9746
20060802	32.864	7.9713
20060803	32.865	7.9768
20060804	32.869	7.9784
20060807	32.803	7.9689
20060808	32.816	7.9732
20060809	32.777	7.9772
20060810	32.586	7.971
20060811	32.644	7.976
20060814	32.745	7.979
20060815	32.756	8.0015
20060816	32.749	7.9885
20060817	32.627	7.9686
20060818	32.667	7.9745
20060821	32.69	7.9656
20060822	32.76	7.9664
20060823	32.779	7.9699
20060824	32.845	7.9725
20060825	32.888	7.9763
20060828	32.918	7.9707
20060829	32.88	7.9622
20060830	32.91	7.9587
20060831	32.906	7.9527
20060901	32.884	7.9532
20060904	32.749	7.9385
20060905	32.77	7.9488
20060906	32.812	7.9443
20060907	32.86	7.941
20060908	32.88	7.9485
20060911	32.92	7.9542
20060912	32.914	7.9465
20060913	32.897	7.9486
20060914	32.915	7.946
20060915	32.936	7.943
20060918	32.93	7.9468
20060919	32.906	7.9363
20060920	32.909	7.9265
20060921	32.895	7.9233
20060922	32.94	7.9195
20060925	32.939	7.9212
20060926	32.94	7.9105
20060927	32.958	7.902
20060928	32.992	7.8965
20060929	33.098	7.9041
20061002	33.127	7.9041
20061003	33.055	7.9041
20061004	33.12	7.9041
20061005	33.093	7.9041
20061011	33.29	7.9149
20061012	33.239	7.9148
20061013	33.13	7.9015
20061014	33.174	7.9015
20061016	33.234	7.9098
20061017	33.158	7.9082
20061018	33.18	7.9077
20061019	33.199	7.9102
20061020	33.202	7.9025
20061023	33.276	7.8991
20061024	33.308	7.9025
20061025	33.316	7.902
20061026	33.265	7.8959
20061027	33.28	7.8896
20061030	33.221	7.8738
20061031	33.26	7.879
20061101	33.167	7.8724
20061102	33.045	7.8735
20061103	32.92	7.8716
20061106	32.95	7.8811
20061107	32.84	7.8745
20061108	32.869	7.8661
20061109	32.87	7.8665
20061110	32.819	7.8645
20061113	32.736	7.8667
20061114	32.765	7.8669
20061115	32.813	7.8687
20061116	32.843	7.8715
20061117	32.934	7.8718
20061120	32.936	7.874
20061121	32.873	7.871
20061122	32.812	7.8647
20061123	32.79	7.862
20061124	32.833	7.8525
20061127	32.704	7.8436
20061128	32.675	7.84
20061129	32.5	7.8313
20061130	32.432	7.8334
20061201	32.37	7.836
20061204	32.398	7.8275
20061205	32.304	7.8218
20061206	32.297	7.8234
20061207	32.3	7.8236
20061208	32.39	7.8245
20061211	32.49	7.835
20061212	32.489	7.8308
20061213	32.522	7.8265
20061214	32.557	7.8185
20061215	32.587	7.8275
20061218	32.6	7.8202
20061219	32.744	7.8212
20061220	32.617	7.8152
20061221	32.553	7.817
20061222	32.565	7.8163
20061225	32.61	7.822
20061226	32.65	7.82
20061227	32.699	7.8215
20061228	32.66	7.8141
20061229	32.596	7.8051
20070102	32.403	7.8051
20070103	32.407	7.8051
20070104	32.55	7.809
20070105	32.609	7.8047
20070108	32.676	7.817
20070109	32.69	7.805
20070110	32.759	7.8071
20070111	32.774	7.7949
20070112	32.76	7.7984
20070115	32.757	7.7918
20070116	32.775	7.79
20070117	32.792	7.774
20070118	32.792	7.771
20070119	32.81	7.7739
20070122	32.92	7.7743
20070123	32.947	7.7781
20070124	32.807	7.7725
20070125	32.849	7.7705
20070126	32.938	7.7758
20070129	32.97	7.7745
20070130	32.973	7.775
20070131	32.949	7.7739
20070201	32.864	7.7585
20070202	32.916	7.756
20070205	32.917	7.7609
20070206	32.968	7.7555
20070207	32.995	7.748
20070208	33.01	7.7484
20070209	32.971	7.7476
20070212	33.024	7.757
20070213	33.081	7.7662
20070214	32.99	7.7575
20070215	32.908	7.7555
20070216	32.993	7.7426
20070226	32.974	7.7535
20070227	32.95	7.7415
20070301	32.91	7.7435
20070302	32.918	7.7465
20070303	32.863	7.7465
20070305	32.899	7.75
20070306	32.97	7.7415
20070307	32.976	7.74
20070308	32.913	7.74
20070309	32.968	7.7445
20070312	33.029	7.752
20070313	32.978	7.743
20070314	32.996	7.738
20070315	33.029	7.744
20070316	33.102	7.736
20070319	33.108	7.736
20070320	33.125	7.7375
20070321	33.106	7.734
20070322	32.993	7.7266
20070323	33.04	7.728
20070326	33.056	7.7382
20070327	33.076	7.7334
20070328	33.076	7.7295
20070329	33.064	7.727
20070330	33.089	7.7302
20070402	33.098	7.734
20070403	33.116	7.7315
20070404	33.081	7.7325
20070409	33.072	7.734
20070410	33.088	7.735
20070411	33.095	7.725
20070412	33.105	7.726
20070413	33.101	7.7217
20070414	33.106	7.7217
20070416	33.154	7.7331
20070417	33.161	7.7291
20070418	33.159	7.7218
20070419	33.136	7.7165
20070420	33.137	7.7179
20070423	33.166	7.7246
20070424	33.183	7.7261
20070425	33.192	7.7161
20070426	33.216	7.7263
20070427	33.265	7.7135
20070430	33.276	7.7039
20070502	33.286	7.7039
20070503	33.281	7.7039
20070504	33.28	7.7039
20070507	33.22	7.7039
20070508	33.254	7.696
20070509	33.275	7.6935
20070510	33.288	7.6936
20070511	33.3	7.6766
20070514	33.313	7.6803
20070515	33.335	7.6868
20070516	33.331	7.682
20070517	33.346	7.6707
20070518	33.371	7.6686
20070521	33.37	7.6673
20070522	33.385	7.6547
20070523	33.398	7.653
20070524	33.298	7.6519
20070525	33.239	7.6527
20070528	33.148	7.645
20070529	33.019	7.6497
20070530	32.979	7.6471
20070531	33.019	7.6466
20070601	33.009	7.6473
20070604	33.005	7.6512
20070605	33.012	7.6412
20070606	33.021	7.6358
20070607	33.032	7.6487
20070608	32.99	7.655
20070611	33.009	7.6632
20070612	33.02	7.6436
20070613	33.039	7.636
20070614	33.085	7.643
20070615	33.142	7.6254
20070620	32.981	7.618
20070621	32.928	7.6188
20070622	32.754	7.6207
20070623	32.736	7.6207
20070625	32.765	7.6194
20070626	32.764	7.6159
20070627	32.785	7.6188
20070628	32.836	7.6151
20070629	32.735	7.6132
20070702	32.765	7.6047
20070703	32.788	7.5944
20070704	32.768	7.5947
20070705	32.789	7.5984
20070706	32.809	7.601
20070709	32.666	7.6015
20070710	32.752	7.581
20070711	32.734	7.5631
20070712	32.793	7.5673
20070713	32.762	7.5695
20070716	32.808	7.5678
20070717	32.825	7.5629
20070718	32.821	7.564
20070719	32.825	7.5632
20070720	32.79	7.574
20070723	32.79	7.562
20070724	32.758	7.5625
20070725	32.792	7.5581
20070726	32.84	7.5655
20070727	32.861	7.5623
20070730	32.827	7.5674
20070731	32.805	7.5724
20070801	32.866	7.5704
20070802	32.864	7.5718
20070803	32.871	7.568
20070806	32.888	7.561
20070807	32.896	7.5703
20070808	32.895	7.5748
20070809	32.885	7.5646
20070810	32.965	7.574
20070813	32.965	7.5815
20070814	32.968	7.576
20070815	33.01	7.5858
20070816	33.128	7.604
20070817	32.931	7.5951
20070820	32.89	7.5871
20070821	32.921	7.5906
20070822	32.939	7.6
20070823	32.945	7.587
20070824	32.98	7.5666
20070827	32.994	7.5604
20070828	33.002	7.5565
20070829	33.06	7.5487
20070830	33.05	7.541
20070831	32.996	7.545
20070903	33.007	7.5443
20070904	33.025	7.5497
20070905	33.042	7.5497
20070906	33.041	7.5384
20070907	33.05	7.5395
20070910	33.06	7.5214
20070911	33.071	7.5232
20070912	33.069	7.5216
20070913	33.066	7.5105
20070914	33.071	7.516
20070917	33.11	7.5227
20070919	33.09	7.5135
20070920	33.066	7.5145
20070921	32.953	7.5036
20070926	32.927	7.515
20070927	32.825	7.5148
20070928	32.667	7.5061
20070929	32.58	7.5061
20071001	32.578	7.5061
20071002	32.573	7.5061
20071003	32.573	7.5061
20071004	32.599	7.5061
20071005	32.597	7.5061
20071008	32.588	7.5062
20071009	32.591	7.5182
20071011	32.582	7.5057
20071012	32.581	7.5125
20071015	32.598	7.5284
20071016	32.597	7.518
20071017	32.605	7.5154
20071018	32.595	7.5111
20071019	32.572	7.508
20071022	32.57	7.5086
20071023	32.58	7.5047
20071024	32.565	7.4926
20071025	32.499	7.482
20071026	32.465	7.4926
20071029	32.415	7.4745
20071030	32.41	7.4708
20071031	32.41	7.463
20071101	32.39	7.4543
20071102	32.39	7.4558
20071105	32.405	7.4551
20071106	32.4	7.453
20071107	32.375	7.4421
20071108	32.308	7.4207
20071109	32.288	7.4108
20071112	32.29	7.4123
20071113	32.299	7.4335
20071114	32.288	7.4253
20071115	32.298	7.4228
20071116	32.336	7.4257
20071119	32.351	7.4286
20071120	32.35	7.4218
20071121	32.348	7.411
20071122	32.34	7.4145
20071123	32.324	7.406
20071126	32.32	7.3969
20071127	32.32	7.384
20071128	32.326	7.3945
20071129	32.3	7.3824
20071130	32.268	7.4
20071203	32.304	7.4025
20071204	32.305	7.3985
20071205	32.303	7.388
20071206	32.309	7.4095
20071207	32.309	7.403
20071210	32.322	7.3952
20071211	32.338	7.3805
20071212	32.363	7.377
20071213	32.36	7.3692
20071214	32.376	7.3715
20071217	32.481	7.3873
20071218	32.517	7.3852
20071219	32.507	7.3768
20071220	32.496	7.3694
20071221	32.485	7.3696
20071224	32.498	7.3475
20071225	32.499	7.3297
20071226	32.529	7.3444
20071227	32.526	7.3175
20071228	32.499	7.3041
20071231	32.443	7.3041
20080102	32.443	7.2934
20080103	32.431	7.2725
20080104	32.439	7.273
20080107	32.466	7.269
20080108	32.457	7.2643
20080109	32.466	7.262
20080110	32.487	7.2719
20080111	32.466	7.262
20080114	32.37	7.2516
20080115	32.26	7.2421
20080116	32.272	7.2324
20080117	32.278	7.2485
20080118	32.315	7.2418
20080121	32.348	7.2365
20080122	32.439	7.2392
20080123	32.405	7.232
20080124	32.352	7.2288
20080125	32.3	7.2102
20080128	32.345	7.197
20080129	32.314	7.1945
20080130	32.248	7.1916
20080131	32.198	7.1818
20080201	32.178	7.189
20080204	32.07	7.1884
20080205	32.01	7.184
20080212	31.884	7.184
20080213	31.688	7.2
20080214	31.7	7.1904
20080215	31.74	7.1825
20080218	31.746	7.1623
20080219	31.698	7.158
20080220	31.648	7.1436
20080221	31.521	7.1413
20080222	31.495	7.1418
20080225	31.388	7.1522
20080226	31.21	7.158
20080227	30.929	7.142
20080229	30.95	7.1115
20080303	31.102	7.1041
20080304	30.95	7.106
20080305	30.879	7.1081
20080306	30.748	7.1059
20080307	30.75	7.111
20080310	30.658	7.1029
20080311	30.624	7.1029
20080312	30.69	7.101
20080313	30.686	7.09
20080314	30.744	7.0894
20080317	30.85	7.083
20080318	30.747	7.0815
20080319	30.72	7.063
20080320	30.692	7.0516
20080321	30.55	7.054
20080324	30.229	7.0555
20080325	30.1	7.0448
20080326	30.01	7.0318
20080327	30.18	7.0105
20080328	30.402	7.012
20080331	30.405	7.012
20080401	30.318	7.0116
20080402	30.38	7.0184
20080403	30.43	7.0158
20080407	30.418	7.0015
20080408	30.524	7.0008
20080409	30.465	7.0017
20080410	30.308	6.9916
20080411	30.319	7.0065
20080414	30.325	6.999
20080415	30.266	6.9925
20080416	30.255	6.9918
20080417	30.275	6.9838
20080418	30.284	6.9935
20080421	30.288	7
20080422	30.288	6.9897
20080423	30.293	6.9827
20080424	30.297	6.997
20080425	30.34	7.01
20080428	30.412	7.0014
20080429	30.408	6.985
20080430	30.449	6.9875
20080502	30.455	6.9875
20080505	30.498	6.9879
20080506	30.49	6.9873
20080507	30.521	6.9871
20080508	30.824	7.0052
20080509	30.653	6.9918
20080512	30.85	6.9882
20080513	30.873	6.9889
20080514	31.002	7.003
20080515	30.88	6.9946
20080516	30.66	6.989
20080519	30.548	6.9753
20080520	30.584	6.9735
20080521	30.499	6.9597
20080522	30.38	6.943
20080523	30.5	6.9417
20080526	30.507	6.9366
20080527	30.54	6.9559
20080528	30.512	6.9444
20080529	30.456	6.9381
20080530	30.413	6.942
20080602	30.219	6.933
20080603	30.29	6.925
20080604	30.35	6.939
20080605	30.392	6.9465
20080606	30.335	6.923
20080609	30.299	6.923
20080610	30.36	6.9255
20080611	30.375	6.9184
20080612	30.451	6.9075
20080613	30.451	6.9018
20080616	30.389	6.9004
20080617	30.317	6.8915
20080618	30.353	6.8821
20080619	30.38	6.8776
20080620	30.382	6.8801
20080623	30.401	6.874
20080624	30.437	6.8699
20080625	30.38	6.8653
20080626	30.383	6.8657
20080627	30.388	6.8622
20080630	30.354	6.8543
20080701	30.36	6.8561
20080702	30.372	6.853
20080703	30.39	6.851
20080704	30.401	6.8589
20080707	30.399	6.869
20080708	30.397	6.851
20080709	30.399	6.857
20080710	30.418	6.8428
20080711	30.392	6.834
20080714	30.404	6.845
20080715	30.39	6.8211
20080716	30.382	6.8113
20080717	30.359	6.8213
20080718	30.36	6.8169
20080721	30.363	6.83
20080722	30.381	6.8217
20080723	30.394	6.8297
20080724	30.418	6.8289
20080725	30.407	6.8189
20080729	30.465	6.8264
20080730	30.51	6.8272
20080731	30.59	6.8318
20080801	30.645	6.8425
20080804	30.666	6.8515
20080805	30.721	6.8556
20080806	30.738	6.8482
20080807	30.87	6.8614
20080808	31.09	6.8588
20080811	31.166	6.8577
20080812	31.189	6.8632
20080813	31.15	6.857
20080814	31.24	6.86
20080815	31.33	6.87
20080818	31.307	6.871
20080819	31.389	6.8655
20080820	31.39	6.8546
20080821	31.389	6.8442
20080822	31.37	6.8333
20080825	31.43	6.8481
20080826	31.489	6.845
20080827	31.481	6.838
20080828	31.479	6.8275
20080829	31.52	6.835
20080901	31.593	6.8256
20080902	31.75	6.8397
20080903	31.835	6.8434
20080904	31.761	6.8365
20080905	31.875	6.8422
20080908	31.799	6.8433
20080909	31.872	6.8381
20080910	31.863	6.8385
20080911	32.04	6.8465
20080912	32.041	6.845
20080915	32.039	6.845
20080916	32.07	6.849
20080917	32.082	6.837
20080918	32.218	6.834
20080919	32.158	6.835
20080922	32.03	6.83
20080923	31.937	6.8135
20080924	31.961	6.8237
20080925	31.998	6.817
20080926	32.045	6.8485
20080930	32.13	6.8485
20081001	32.029	6.8485
20081002	32.16	6.8485
20081003	32.187	6.8485
20081006	32.343	6.843
20081007	32.35	6.8169
20081008	32.448	6.8171
20081009	32.437	6.8205
20081013	32.388	6.8258
20081014	32.388	6.839
20081015	32.4	6.832
20081016	32.537	6.8297
20081017	32.55	6.834
20081020	32.58	6.8299
20081021	32.697	6.8337
20081022	32.99	6.8341
20081023	33.296	6.8354
20081024	33.412	6.8433
20081027	33.497	6.8523
20081028	33.438	6.839
20081029	33.295	6.847
20081030	32.799	6.838
20081031	33	6.8395
20081103	32.898	6.8381
20081104	32.869	6.836
20081105	32.83	6.8282
20081106	32.819	6.825
20081107	32.824	6.8255
20081110	32.823	6.8266
20081111	32.874	6.8251
20081112	32.994	6.8295
20081113	33.177	6.83
20081114	33.079	6.8242
20081117	33.17	6.8269
20081118	33.234	6.8284
20081119	33.265	6.8285
20081120	33.405	6.8345
20081121	33.388	6.8311
20081124	33.421	6.8284
20081125	33.352	6.826
20081126	33.306	6.8287
20081127	33.302	6.828
20081128	33.295	6.8349
20081201	33.35	6.8848
20081202	33.489	6.887
20081203	33.528	6.883
20081204	33.55	6.8817
20081205	33.549	6.8812
20081208	33.517	6.88
20081209	33.546	6.8735
20081210	33.449	6.8633
20081211	33.309	6.8513
20081212	33.315	6.8427
20081215	33.199	6.85
20081216	33.03	6.8465
20081217	32.72	6.8357
20081218	32.471	6.8295
20081219	32.53	6.8465
20081222	32.93	6.851
20081223	33.085	6.8485
20081224	33.045	6.8397
20081225	33.03	6.8313
20081226	33.025	6.8414
20081229	33	6.8527
20081230	32.865	6.8353
20081231	32.86	6.823
20090105	33.005	6.8312
20090106	33.054	6.836
20090107	32.98	6.834
20090108	33.115	6.8347
20090109	33.155	6.8356
20090110	33.16	6.8356
20090112	33.235	6.837
20090113	33.265	6.8341
20090114	33.258	6.8352
20090115	33.379	6.8363
20090116	33.36	6.8374
20090117	33.501	6.8374
20090119	33.535	6.8359
20090120	33.639	6.8385
20090121	33.634	6.8378
20090122	33.55	6.8371
20090123	33.801	6.838
20090202	33.749	6.8487
20090203	33.72	6.8403
20090204	33.67	6.834
20090205	33.705	6.8367
20090206	33.75	6.8344
20090209	33.961	6.8338
20090210	33.967	6.8326
20090211	34.001	6.8333
20090212	34.025	6.8342
20090213	34.05	6.8335
20090216	34.28	6.834
20090217	34.62	6.8395
20090218	34.65	6.838
20090219	34.675	6.8354
20090220	34.808	6.8372
20090223	34.628	6.836
20090224	34.797	6.8373
20090225	34.747	6.8374
20090226	34.85	6.84
20090227	34.95	6.8398
20090302	35.174	6.8458
20090303	35.095	6.8413
20090304	35.067	6.8431
20090305	34.945	6.8407
20090306	34.78	6.84
20090309	34.815	6.84
20090310	34.6	6.8402
20090311	34.515	6.8414
20090312	34.494	6.8386
20090313	34.495	6.8384
20090316	34.416	6.8385
20090317	34.278	6.8368
20090318	34.156	6.8357
20090319	33.924	6.8283
20090320	33.8	6.8265
20090323	33.785	6.833
20090324	33.788	6.8298
20090325	33.888	6.8316
20090326	33.82	6.8318
20090327	33.779	6.8318
20090330	34.015	6.8361
20090331	33.917	6.8356
20090401	33.835	6.8342
20090402	33.58	6.8332
20090403	33.38	6.835
20090406	33.25	6.835
20090407	33.569	6.8345
20090408	33.9	6.8366
20090409	33.777	6.8351
20090410	33.795	6.834
20090413	33.697	6.8327
20090414	33.62	6.831
20090415	33.79	6.8337
20090416	33.8	6.8326
20090417	33.816	6.832
20090420	33.83	6.8337
20090421	33.86	6.8319
20090422	33.86	6.8298
20090423	33.82	6.8299
20090424	33.711	6.8261
20090427	33.73	6.8327
20090428	33.795	6.8275
20090429	33.658	6.8255
20090430	33.233	6.8232
20090504	33.192	6.8211
20090505	33.133	6.8202
20090506	33.18	6.8229
20090507	33.132	6.8227
20090508	33.04	6.8218
20090511	32.889	6.8225
20090512	32.893	6.8228
20090513	32.89	6.8218
20090514	32.955	6.8245
20090515	32.95	6.8256
20090518	32.994	6.8262
20090519	32.882	6.8248
20090520	32.855	6.8251
20090521	32.738	6.8245
20090522	32.679	6.8247
20090525	32.626	6.8235
20090526	32.66	6.83
20090527	32.65	6.8298
20090601	32.375	6.827
20090602	32.534	6.8305
20090603	32.505	6.8292
20090604	32.597	6.8329
20090605	32.607	6.8335
20090606	32.72	6.8335
20090608	32.875	6.8369
20090609	32.853	6.8351
20090610	32.715	6.8329
20090611	32.798	6.8354
20090612	32.8	6.8345
20090615	32.94	6.8388
20090616	32.885	6.8336
20090617	32.889	6.8378
20090618	32.904	6.8337
20090619	32.878	6.8361
20090622	32.898	6.8355
20090623	32.925	6.8358
20090624	32.862	6.8338
20090625	32.97	6.8347
20090626	32.925	6.8347
20090629	32.943	6.833
20090630	32.818	6.8314
20090701	32.785	6.8317
20090702	32.947	6.8323
20090703	32.89	6.8327
20090706	32.988	6.8344
20090707	32.989	6.8336
20090708	33.036	6.8345
20090709	32.97	6.8328
20090710	33.05	6.8324
20090713	33.193	6.833
20090714	33.09	6.8329
20090715	32.975	6.8319
20090716	32.959	6.8324
20090717	32.955	6.8328
20090720	32.794	6.8311
20090721	32.799	6.8321
20090722	32.875	6.8307
20090723	32.802	6.8308
20090724	32.955	6.8313
20090727	32.82	6.8313
20090728	32.743	6.8317
20090729	32.871	6.8325
20090730	32.857	6.8333
20090731	32.818	6.8329
20090803	32.768	6.8312
20090804	32.674	6.8313
20090805	32.72	6.8307
20090806	32.792	6.8317
20090810	32.818	6.8353
20090811	32.855	6.8348
20090812	32.95	6.8355
20090813	32.898	6.8336
20090814	32.895	6.8341
20090817	32.985	6.8344
20090818	32.964	6.834
20090819	33.01	6.8346
20090820	32.966	6.8317
20090821	32.906	6.8313
20090824	32.863	6.8311
20090825	32.92	6.8316
20090826	32.924	6.8314
20090827	32.916	6.832
20090828	32.925	6.8311
20090831	32.923	6.8311
20090901	32.857	6.8306
20090902	32.918	6.831
20090903	32.907	6.8304
20090904	32.905	6.8305
20090907	32.865	6.8288
20090908	32.76	6.8278
20090909	32.745	6.829
20090910	32.649	6.8289
20090911	32.628	6.8278
20090914	32.668	6.8286
20090915	32.637	6.8289
20090916	32.492	6.8252
20090917	32.41	6.8262
20090918	32.458	6.828
20090921	32.419	6.83
20090922	32.386	6.8263
20090923	32.369	6.826
20090924	32.395	6.8272
20090925	32.428	6.8285
20090928	32.475	6.8277
20090929	32.376	6.8278
20090930	32.2	6.8271
20091001	32.319	6.8265
20091002	32.35	6.8264
20091005	32.255	6.8263
20091006	32.18	6.8263
20091007	32.18	6.8263
20091008	32.143	6.8263
20091009	32.24	6.8256
20091012	32.29	6.8234
20091013	32.302	6.8261
20091014	32.242	6.8265
20091015	32.218	6.8287
20091016	32.3	6.8268
20091019	32.325	6.8267
20091020	32.275	6.8265
20091021	32.359	6.8273
20091022	32.403	6.8292
20091023	32.398	6.8285
20091026	32.394	6.8278
20091027	32.48	6.8296
20091028	32.496	6.8282
20091029	32.58	6.828
20091030	32.535	6.8275
20091102	32.553	6.8279
20091103	32.575	6.828
20091104	32.558	6.827
20091105	32.536	6.8276
20091106	32.509	6.8273
20091109	32.365	6.8272
20091110	32.349	6.8268
20091111	32.31	6.8259
20091112	32.33	6.8266
20091113	32.339	6.8263
20091116	32.198	6.827
20091117	32.12	6.8265
20091118	32.128	6.827
20091119	32.29	6.8284
20091120	32.35	6.8278
20091123	32.267	6.8301
20091124	32.288	6.8294
20091125	32.236	6.8276
20091126	32.244	6.8265
20091127	32.345	6.8284
20091130	32.185	6.8271
20091201	32.199	6.826
20091202	32.17	6.8263
20091203	32.15	6.827
20091204	32.17	6.827
20091207	32.28	6.8291
20091208	32.35	6.8275
20091209	32.349	6.8276
20091210	32.308	6.8266
20091211	32.278	6.8276
20091214	32.31	6.8282
20091215	32.281	6.828
20091216	32.328	6.828
20091217	32.348	6.8286
20091218	32.38	6.828
20091221	32.384	6.8285
20091222	32.355	6.8281
20091223	32.36	6.8284
20091224	32.3	6.828
20091225	32.274	6.8272
20091228	32.294	6.83
20091229	32.29	6.8294
20091230	32.238	6.8253
20091231	32.03	6.827
20100104	31.898	6.8273
20100105	31.86	6.8272
20100106	31.875	6.8274
20100107	31.877	6.8277
20100108	31.88	6.8275
20100111	31.78	6.8264
20100112	31.79	6.8271
20100113	31.809	6.8268
20100114	31.755	6.8273
20100115	31.828	6.8269
20100118	31.79	6.827
20100119	31.8	6.8274
20100120	31.99	6.8271
20100121	31.919	6.8268
20100122	31.98	6.8269
20100125	31.97	6.8269
20100126	32.055	6.8269
20100127	32.08	6.8268
20100128	31.999	6.8269
20100129	31.99	6.8268
20100201	32.101	6.8274
20100202	32.06	6.8269
20100203	32	6.8266
20100204	32.02	6.8269
20100205	32.187	6.8271
20100206	32.184	6.8271
20100208	32.195	6.8267
20100209	32.1	6.8267
20100210	32.066	6.8302
20100211	32.045	6.8346
20100212	32.1	6.833
20100222	32.099	6.8264
20100223	32.05	6.8267
20100224	32.09	6.827
20100225	32.12	6.8268
20100226	32.085	6.826
20100301	32.048	6.8263
20100302	32.039	6.8265
20100303	32.004	6.8258
20100304	31.988	6.8264
20100305	32.02	6.8265
20100308	31.89	6.8264
20100309	31.85	6.8263
20100310	31.847	6.8259
20100311	31.847	6.8266
20100312	31.84	6.8255
20100315	31.82	6.826
20100316	31.82	6.8259
20100317	31.747	6.826
20100318	31.825	6.8261
20100319	31.799	6.8265
20100322	31.886	6.8266
20100323	31.85	6.8263
20100324	31.845	6.8267
20100325	31.88	6.8271
20100326	31.88	6.827
20100329	31.815	6.8264
20100330	31.81	6.8258
20100331	31.819	6.8259
20100401	31.788	6.8263
20100402	31.759	6.8256
20100406	31.695	6.8258
20100407	31.628	6.8256
20100408	31.701	6.8245
20100409	31.615	6.8239
20100412	31.56	6.8257
20100413	31.58	6.8256
20100414	31.46	6.8257
20100415	31.375	6.826
20100416	31.39	6.8255
20100419	31.492	6.8268
20100420	31.447	6.8254
20100421	31.388	6.8275
20100422	31.398	6.8263
20100423	31.46	6.8275
20100426	31.359	6.8266
20100427	31.412	6.8258
20100428	31.539	6.8253
20100429	31.45	6.8259
20100430	31.418	6.8252
20100503	31.519	6.8252
20100504	31.46	6.8265
20100505	31.6	6.8263
20100506	31.749	6.8266
20100507	31.85	6.8257
20100510	31.6	6.8265
20100511	31.829	6.829
20100512	31.893	6.8273
20100513	31.778	6.8278
20100514	31.848	6.8268
20100517	32.1	6.8277
20100518	31.978	6.8274
20100519	32.098	6.8274
20100520	32.175	6.8279
20100521	32.25	6.8277
20100524	32.175	6.8285
20100525	32.385	6.831
20100526	32.345	6.8291
20100527	32.187	6.8315
20100528	32.175	6.8313
20100531	32.225	6.8279
20100601	32.418	6.8302
20100602	32.315	6.8299
20100603	32.275	6.8282
20100604	32.35	6.8288
20100607	32.528	6.8322
20100608	32.51	6.8295
20100609	32.52	6.8281
20100610	32.49	6.8308
20100611	32.439	6.8323
20100614	32.351	6.8323
20100615	32.338	6.8323
20100617	32.31	6.8291
20100618	32.19	6.8262
20100621	31.999	6.7976
20100622	32.094	6.8136
20100623	32.189	6.8124
20100624	32.216	6.7997
20100625	32.18	6.79
20100628	32.175	6.7967
20100629	32.279	6.7977
20100630	32.278	6.7814
20100701	32.297	6.781
20100702	32.278	6.7711
20100705	32.22	6.7758
20100706	32.2	6.7801
20100707	32.22	6.7772
20100708	32.185	6.7761
20100709	32.125	6.7735
20100712	32.25	6.7711
20100713	32.3	6.772
20100714	32.192	6.7745
20100715	32.187	6.7785
20100716	32.143	6.775
20100719	32.155	6.778
20100720	32.155	6.7781
20100721	32.15	6.7769
20100722	32.19	6.78
20100723	32.152	6.7803
20100726	32.12	6.7795
20100727	32.09	6.7786
20100728	32.07	6.778
20100729	32.068	6.7761
20100730	32.05	6.775
20100802	31.868	6.7742
20100803	31.85	6.773
20100804	31.87	6.7722
20100805	31.85	6.7719
20100806	31.819	6.7683
20100809	31.782	6.7671
20100810	31.855	6.772
20100811	31.88	6.775
20100812	31.99	6.7851
20100813	31.96	6.7957
20100816	32.01	6.8082
20100817	31.97	6.7921
20100818	31.966	6.7917
20100819	31.93	6.7902
20100820	31.935	6.7902
20100823	31.968	6.8003
20100824	32.08	6.7972
20100825	32.055	6.7986
20100826	32.037	6.7998
20100827	32.03	6.7982
20100830	32.06	6.803
20100831	32.102	6.8074
20100901	32.075	6.8115
20100902	32.04	6.8084
20100903	32.018	6.8038
20100906	31.948	6.7874
20100907	32.016	6.7914
20100908	31.979	6.7943
20100909	31.939	6.7832
20100910	31.91	6.7692
20100913	31.85	6.7618
20100914	31.815	6.7463
20100915	31.798	6.7422
20100916	31.8	6.7248
20100917	31.739	6.7235
20100920	31.752	6.7143
20100921	31.765	6.7079
20100923	31.6	6.7079
20100924	31.62	6.7079
20100927	31.47	6.6923
20100928	31.5	6.6906
20100929	31.38	6.6868
20100930	31.33	6.6912
20101001	31.31	6.6912
20101004	31.25	6.6912
20101005	31.252	6.6912
20101006	31.132	6.6912
20101007	31.042	6.6912
20101008	31.095	6.6706
20101011	30.998	6.6678
20101012	31.07	6.6734
20101013	30.96	6.6641
20101014	30.77	6.6508
20101015	30.793	6.6412
20101018	30.885	6.6441
20101019	30.9	6.6447
20101020	30.93	6.6519
20101021	30.869	6.6504
20101022	30.91	6.659
20101025	30.73	6.6581
20101026	30.76	6.6627
20101027	30.9	6.6806
20101028	30.824	6.6874
20101029	30.782	6.6708
20101101	30.695	6.7015
20101102	30.709	6.6777
20101103	30.65	6.6761
20101104	30.59	6.6635
20101105	30.56	6.6566
20101108	30.636	6.6781
20101109	30.63	6.644
20101110	30.6	6.6337
20101111	30.532	6.6257
20101112	30.762	6.637
20101115	30.732	6.6455
20101116	30.732	6.6379
20101117	30.793	6.6425
20101118	30.733	6.6336
20101119	30.673	6.6395
20101122	30.628	6.6416
20101123	30.799	6.6449
20101124	30.8	6.6543
20101125	30.8	6.6508
20101126	30.83	6.6675
20101129	30.8	6.6606
20101130	30.85	6.667
20101201	30.852	6.6634
20101202	30.788	6.6613
20101203	30.745	6.6633
20101206	30.625	6.6484
20101207	30.63	6.6446
20101208	30.706	6.6617
20101209	30.555	6.655
20101210	30.585	6.6556
20101213	30.6	6.667
20101214	30.45	6.6551
20101215	30.5	6.6555
20101216	30.545	6.6633
20101217	30.51	6.6555
20101220	30.601	6.6745
20101221	30.6	6.6589
20101222	30.605	6.6461
20101223	30.485	6.6431
20101224	30.485	6.627
20101227	30.425	6.6308
20101228	30.396	6.6248
20101229	30.367	6.6212
20101230	30.217	6.6008
20101231	30.368	6.5897
20110103	30.2	6.5897
20110104	30.201	6.6088
20110105	30.211	6.619
20110106	30.101	6.6265
20110107	29.8	6.628
20110110	29.8	6.6377
20110111	29.7	6.62
20110112	29.6	6.6038
20110113	29.605	6.6046
20110114	29.6	6.59
20110117	29.5	6.593
20110118	29.45	6.5829
20110119	29.45	6.5824
20110120	29.46	6.5854
20110121	29.42	6.5833
20110124	29.32	6.5813
20110125	29.29	6.5827
20110126	29.3	6.5819
20110127	29.31	6.582
20110128	29.28	6.586
20110131	29.3	6.603
20110201	29.2	6.5938
20110208	29.16	6.5938
20110209	29.1	6.5938
20110210	29.12	6.5865
20110211	29.23	6.5919
20110214	29.329	6.5966
20110215	29.469	6.5885
20110216	29.47	6.5885
20110217	29.432	6.5871
20110218	29.408	6.5732
20110221	29.366	6.5668
20110222	29.557	6.5803
20110223	29.572	6.5743
20110224	29.76	6.5787
20110225	29.754	6.575
20110301	29.66	6.5703
20110302	29.665	6.5727
20110303	29.542	6.5731
20110304	29.462	6.5686
20110307	29.426	6.5634
20110308	29.437	6.5684
20110309	29.395	6.5721
20110310	29.506	6.5747
20110311	29.599	6.5746
20110314	29.509	6.5698
20110315	29.559	6.5727
20110316	29.556	6.5713
20110317	29.574	6.5744
20110318	29.6	6.5691
20110321	29.572	6.5611
20110322	29.542	6.5561
20110323	29.585	6.5593
20110324	29.583	6.5618
20110325	29.488	6.5576
20110328	29.499	6.5645
20110329	29.477	6.561
20110330	29.51	6.5559
20110331	29.418	6.5485
20110401	29.32	6.5479
20110406	29.15	6.544
20110407	29.05	6.542
20110408	28.991	6.5354
20110411	28.992	6.5383
20110412	29.112	6.5403
20110413	29.089	6.534
20110414	29.041	6.5315
20110415	29.05	6.5325
20110418	29.089	6.5287
20110419	29.125	6.5305
20110420	29.025	6.5255
20110421	28.926	6.5205
20110422	28.93	6.5067
20110425	28.93	6.5277
20110426	28.939	6.5287
20110427	28.9	6.5112
20110428	28.76	6.5015
20110429	28.762	6.491
20110503	28.702	6.4968
20110504	28.67	6.4933
20110505	28.632	6.4937
20110506	28.778	6.4938
20110509	28.75	6.4939
20110510	28.725	6.4919
20110511	28.65	6.493
20110512	28.793	6.5
20110513	28.788	6.4977
20110516	28.888	6.5074
20110517	28.865	6.506
20110518	28.85	6.5047
20110519	28.852	6.5039
20110520	28.78	6.4926
20110523	29.009	6.505
20110524	28.93	6.4975
20110525	29.009	6.4934
20110526	28.945	6.4915
20110527	28.888	6.4917
20110530	28.83	6.4829
20110531	28.772	6.4791
20110601	28.7	6.478
20110602	28.785	6.4828
20110603	28.75	6.4796
20110607	28.735	6.481
20110608	28.72	6.4757
20110609	28.78	6.4759
20110610	28.835	6.4802
20110613	28.892	6.483
20110614	28.85	6.4803
20110615	28.86	6.4822
20110616	29.005	6.4744
20110617	29	6.4744
20110620	29	6.4781
20110621	28.949	6.4655
20110622	28.879	6.4629
20110623	28.936	6.4676
20110624	28.962	6.473
20110627	29.01	6.4772
20110628	28.962	6.4704
20110629	28.92	6.4635
20110630	28.802	6.464
20110701	28.78	6.4649
20110704	28.752	6.4629
20110705	28.801	6.4676
20110706	28.851	6.467
20110707	28.86	6.4658
20110708	28.795	6.465
20110711	28.866	6.4671
20110712	28.998	6.4722
20110713	28.9	6.4676
20110714	28.839	6.4576
20110715	28.897	6.463
20110718	28.96	6.4687
20110719	28.92	6.4634
20110720	28.87	6.4595
20110721	28.89	6.4516
20110722	28.83	6.4455
20110725	28.859	6.445
20110726	28.829	6.4414
20110727	28.802	6.4433
20110728	28.845	6.4428
20110729	28.89	6.4366
20110801	28.838	6.434
20110802	28.88	6.4382
20110803	28.938	6.4341
20110804	28.952	6.439
20110805	29.025	6.4404
20110808	29.025	6.436
20110809	29.05	6.4306
20110810	29.01	6.4181
20110811	29.06	6.3945
20110812	29.009	6.3895
20110815	28.952	6.3904
20110816	28.948	6.3828
20110817	28.962	6.3871
20110818	28.99	6.3877
20110819	29.076	6.393
20110822	29.02	6.4013
20110823	28.99	6.397
20110824	29.025	6.3885
20110825	29.041	6.39
20110826	29.06	6.3868
20110829	29.039	6.381
20110830	29.035	6.3805
20110831	29.02	6.3782
20110901	28.96	6.3813
20110902	29.025	6.3826
20110905	29.071	6.3858
20110906	29.112	6.3908
20110907	29.115	6.394
20110908	29.15	6.384
20110909	29.221	6.3882
20110913	29.487	6.3991
20110914	29.625	6.3964
20110915	29.635	6.392
20110916	29.584	6.3834
20110919	29.78	6.3868
20110920	29.888	6.3843
20110921	29.95	6.3823
20110922	30.372	6.3877
20110923	30.388	6.3889
20110926	30.572	6.4006
20110927	30.456	6.3992
20110928	30.41	6.3938
20110929	30.44	6.3983
20110930	30.506	6.3859
20111003	30.587	6.3859
20111004	30.68	6.3859
20111005	30.632	6.3859
20111006	30.612	6.3859
20111007	30.493	6.3859
20111011	30.348	6.375
20111012	30.4	6.3585
20111013	30.329	6.382
20111014	30.3	6.3785
20111017	30.1	6.3706
20111018	30.201	6.3813
20111019	30.1	6.3775
20111020	30.269	6.3855
20111021	30.299	6.384
20111024	30.133	6.3754
20111025	30.125	6.3604
20111026	30.125	6.3533
20111027	30.063	6.3595
20111028	29.869	6.3586
20111031	29.93	6.3549
20111101	30.086	6.3543
20111102	30.118	6.3573
20111103	30.22	6.3514
20111104	30.025	6.3392
20111107	30.108	6.351
20111108	30.106	6.3462
20111109	30.066	6.3402
20111110	30.262	6.3459
20111111	30.188	6.3424
20111114	30.165	6.3538
20111115	30.21	6.3465
20111116	30.23	6.3456
20111117	30.21	6.3508
20111118	30.257	6.3554
20111121	30.26	6.36
20111122	30.309	6.3608
20111123	30.395	6.359
20111124	30.442	6.368
20111125	30.46	6.375
20111128	30.452	6.3841
20111129	30.412	6.3778
20111130	30.345	6.3789
20111201	30.146	6.3635
20111202	30.16	6.3597
20111205	30.182	6.3641
20111206	30.225	6.3642
20111207	30.168	6.3643
20111208	30.179	6.3619
20111209	30.239	6.3647
20111212	30.23	6.3606
20111213	30.26	6.3652
20111214	30.29	6.3706
20111215	30.37	6.3735
20111216	30.369	6.3484
20111219	30.398	6.3378
20111220	30.353	6.3472
20111221	30.285	6.3387
20111222	30.325	6.339
20111223	30.296	6.3364
20111226	30.308	6.3198
20111227	30.312	6.3226
20111228	30.31	6.3212
20111229	30.29	6.3192
20111230	30.29	6.294
20120102	30.315	6.294
20120103	30.294	6.294
20120104	30.29	6.2946
20120105	30.266	6.3017
20120106	30.245	6.3095
20120109	30.205	6.3146
20120110	30.051	6.315
20120111	29.999	6.3155
20120112	30.002	6.3178
20120113	30	6.3066
20120116	30.07	6.3165
20120117	29.995	6.315
20120118	29.978	6.312
20120119	29.941	6.3167
20120120	29.99	6.339
20120130	29.786	6.331
20120131	29.62	6.3085
20120201	29.695	6.3067
20120202	29.55	6.3018
20120203	29.545	6.3028
20120204	29.525	6.3028
20120206	29.6	6.3121
20120207	29.57	6.3049
20120208	29.53	6.2945
20120209	29.495	6.2952
20120210	29.56	6.2986
20120213	29.535	6.2971
20120214	29.595	6.2996
20120215	29.535	6.3
20120216	29.635	6.3016
20120217	29.583	6.2991
20120220	29.554	6.3017
20120221	29.568	6.2964
20120222	29.582	6.296
20120223	29.596	6.2985
20120224	29.582	6.2978
20120229	29.42	6.2936
20120301	29.487	6.3002
20120302	29.461	6.2982
20120303	29.464	6.2982
20120305	29.518	6.3067
20120306	29.538	6.308
20120307	29.565	6.3099
20120308	29.527	6.3165
20120309	29.504	6.3107
20120312	29.562	6.3265
20120313	29.528	6.327
20120314	29.56	6.3323
20120315	29.57	6.33
20120316	29.562	6.3227
20120319	29.532	6.3233
20120320	29.558	6.3241
20120321	29.576	6.3229
20120322	29.574	6.2997
20120323	29.585	6.3078
20120326	29.622	6.314
20120327	29.584	6.3072
20120328	29.57	6.306
20120329	29.582	6.306
20120330	29.53	6.298
20120402	29.506	6.298
20120403	29.48	6.298
20120405	29.519	6.3153
20120406	29.562	6.3063
20120409	29.568	6.3085
20120410	29.57	6.3115
20120411	29.562	6.3081
20120412	29.55	6.3073
20120413	29.528	6.303
20120416	29.564	6.315
20120417	29.542	6.3015
20120418	29.546	6.3028
20120419	29.532	6.3039
20120420	29.521	6.3085
20120423	29.524	6.3088
20120424	29.526	6.3073
20120425	29.514	6.3041
20120426	29.412	6.306
20120427	29.332	6.3102
20120430	29.232	6.3102
20120502	29.24	6.307
20120503	29.266	6.305
20120504	29.28	6.3062
20120507	29.382	6.3079
20120508	29.37	6.308
20120509	29.4	6.3097
20120510	29.395	6.314
20120511	29.41	6.3106
20120514	29.502	6.3215
20120515	29.514	6.3182
20120516	29.635	6.3222
20120517	29.56	6.3252
20120518	29.63	6.3284
20120521	29.578	6.3279
20120522	29.546	6.3231
20120523	29.586	6.3345
20120524	29.645	6.3447
20120525	29.65	6.3439
20120528	29.65	6.345
20120529	29.645	6.348
20120530	29.762	6.3577
20120531	29.86	6.369
20120601	29.931	6.369
20120604	30.05	6.3645
20120605	30	6.3675
20120606	29.935	6.3635
20120607	29.906	6.3635
20120608	29.976	6.3705
20120611	29.92	6.3694
20120612	29.991	6.3703
20120613	29.98	6.3691
20120614	29.954	6.3703
20120615	29.931	6.3651
20120618	29.886	6.357
20120619	29.89	6.3545
20120620	29.878	6.3599
20120621	29.902	6.3642
20120622	29.968	6.3642
20120625	29.995	6.3633
20120626	29.99	6.3629
20120627	29.96	6.3554
20120628	29.956	6.3575
20120629	29.9	6.3541
20120702	29.905	6.3488
20120703	29.886	6.3523
20120704	29.866	6.3477
20120705	29.89	6.3559
20120706	29.922	6.3644
20120709	29.975	6.3714
20120710	29.985	6.3659
20120711	29.974	6.3686
20120712	30.013	6.3733
20120713	30.015	6.3789
20120716	30.01	6.3787
20120717	29.988	6.3729
20120718	30.002	6.3702
20120719	29.984	6.3734
20120720	29.995	6.3735
20120723	30.095	6.3864
20120724	30.116	6.3858
20120725	30.206	6.3885
20120726	30.15	6.3841
20120727	30.1	6.3807
20120730	30.08	6.3794
20120731	30.01	6.3627
20120801	29.988	6.3685
20120803	30.002	6.3727
20120806	29.96	6.3742
20120807	29.955	6.3664
20120808	29.987	6.3615
20120809	29.94	6.359
20120810	29.99	6.36
20120813	30.005	6.3616
20120814	29.965	6.3586
20120815	30.002	6.3625
20120816	30.02	6.3658
20120817	30.025	6.3585
20120820	30.03	6.3594
20120821	29.975	6.3562
20120822	30.01	6.3518
20120823	29.96	6.3535
20120824	30.002	6.3545
20120827	29.98	6.3568
20120828	30.007	6.353
20120829	29.981	6.3517
20120830	29.986	6.3496
20120831	29.966	6.3484
20120903	29.92	6.3407
20120904	29.902	6.3473
20120905	29.905	6.3492
20120906	29.902	6.3428
20120907	29.842	6.343
20120910	29.74	6.3376
20120911	29.715	6.3351
20120912	29.669	6.3264
20120913	29.699	6.3296
20120914	29.469	6.3145
20120917	29.399	6.3173
20120918	29.46	6.3189
20120919	29.405	6.3093
20120920	29.508	6.3038
20120921	29.45	6.3053
20120924	29.479	6.3093
20120925	29.451	6.3066
20120926	29.497	6.302
20120927	29.42	6.3025
20120928	29.342	6.2849
20121001	29.402	6.2849
20121002	29.385	6.2849
20121003	29.405	6.2849
20121004	29.388	6.2849
20121005	29.368	6.2849
20121008	29.402	6.2872
20121009	29.399	6.2878
20121011	29.432	6.277
20121012	29.36	6.2672
20121015	29.345	6.2707
20121016	29.289	6.264
20121017	29.246	6.2545
20121018	29.269	6.2503
20121019	29.286	6.2538
20121022	29.32	6.2547
20121023	29.328	6.248
20121024	29.342	6.248
20121025	29.28	6.2417
20121026	29.3	6.2489
20121029	29.292	6.2436
20121030	29.278	6.2405
20121031	29.26	6.2372
20121101	29.29	6.2405
20121102	29.3	6.2415
20121105	29.305	6.2454
20121106	29.275	6.2456
20121107	29.2	6.2437
20121108	29.202	6.2429
20121109	29.15	6.245
20121112	29.09	6.2291
20121113	29.129	6.2265
20121114	29.125	6.2252
20121115	29.142	6.2334
20121116	29.272	6.2356
20121119	29.202	6.2345
20121120	29.145	6.2326
20121121	29.179	6.2302
20121122	29.185	6.2289
20121123	29.171	6.2285
20121126	29.143	6.2255
20121127	29.129	6.2223
20121128	29.175	6.2273
20121129	29.147	6.2281
20121130	29.116	6.2267
20121203	29.121	6.2279
20121204	29.116	6.2256
20121205	29.102	6.2253
20121206	29.136	6.2282
20121207	29.125	6.2301
20121210	29.15	6.2451
20121211	29.122	6.246
20121212	29.108	6.2518
20121213	29.101	6.2329
20121214	29.102	6.2415
20121217	29.1	6.235
20121218	29.1	6.2324
20121219	29.102	6.2303
20121220	29.12	6.2302
20121221	29.122	6.2286
20121222	29.12	6.2286
20121224	29.128	6.2335
20121225	29.13	6.2339
20121226	29.128	6.2353
20121227	29.126	6.236
20121228	29.136	6.2335
20130102	29.09	6.2303
20130103	29.091	6.2303
20130104	29.125	6.2303
20130107	29.125	6.2296
20130108	29.127	6.2241
20130109	29.11	6.2262
20130110	29.088	6.2244
20130111	29.039	6.2161
20130114	29.058	6.2192
20130115	29.056	6.2136
20130116	29.099	6.2165
20130117	29.085	6.216
20130118	29.06	6.2154
20130121	29.07	6.2213
20130122	29.095	6.2198
20130123	29.092	6.218
20130124	29.138	6.2181
20130125	29.25	6.2205
20130128	29.56	6.2226
20130129	29.559	6.2243
20130130	29.57	6.2204
20130131	29.582	6.2188
20130201	29.668	6.227
20130204	29.58	6.2328
20130205	29.585	6.2294
20130206	29.622	6.2317
20130207	29.63	6.2322
20130208	29.75	6.2325
20130218	29.709	6.2427
20130219	29.686	6.2443
20130220	29.6	6.2376
20130221	29.68	6.2405
20130222	29.658	6.2351
20130223	29.658	6.2351
20130225	29.702	6.2339
20130226	29.74	6.2295
20130227	29.705	6.2273
20130301	29.666	6.2237
20130304	29.77	6.2251
20130305	29.72	6.2209
20130306	29.67	6.2181
20130307	29.695	6.2202
20130308	29.718	6.2147
20130311	29.74	6.2181
20130312	29.73	6.2162
20130313	29.735	6.2138
20130314	29.8	6.2155
20130315	29.762	6.2135
20130318	29.815	6.2158
20130319	29.801	6.2157
20130320	29.845	6.2118
20130321	29.853	6.2143
20130322	29.909	6.2122
20130325	29.889	6.2107
20130326	29.891	6.211
20130327	29.941	6.214
20130328	29.94	6.2143
20130329	29.875	6.2108
20130401	29.928	6.208
20130402	29.92	6.1986
20130403	29.925	6.201
20130408	30.06	6.2033
20130409	30.05	6.2024
20130410	29.998	6.1939
20130411	29.98	6.1963
20130412	29.995	6.1922
20130415	29.927	6.1871
20130416	29.928	6.1831
20130417	29.9	6.1723
20130418	29.91	6.1813
20130419	29.84	6.1776
20130422	29.87	6.1826
20130423	29.872	6.1791
20130424	29.832	6.1781
20130425	29.75	6.1707
20130426	29.705	6.165
20130429	29.606	6.165
20130430	29.616	6.165
20130502	29.636	6.156
20130503	29.61	6.1556
20130506	29.626	6.1667
20130507	29.59	6.1541
20130508	29.5	6.141
20130509	29.51	6.1309
20130510	29.8	6.1417
20130513	29.92	6.1468
20130514	29.906	6.1428
20130515	30.028	6.1459
20130516	30.05	6.1492
20130517	30.06	6.1419
20130520	30.03	6.1389
20130521	29.942	6.1356
20130522	29.96	6.1311
20130523	30.025	6.134
20130524	30.03	6.1316
20130527	29.971	6.1211
20130528	30.057	6.1215
20130529	30.12	6.1267
20130530	30.125	6.1309
20130531	30.06	6.1345
20130603	30.07	6.1317
20130604	30.02	6.1286
20130605	29.91	6.1278
20130606	29.915	6.1362
20130607	29.871	6.1335
20130610	30.066	6.1335
20130611	30.16	6.1335
20130613	30.162	6.1344
20130614	29.97	6.1308
20130617	29.972	6.125
20130618	30.002	6.1285
20130619	29.96	6.1269
20130620	30.16	6.1282
20130621	30.28	6.1342
20130624	30.35	6.1451
20130625	30.26	6.1453
20130626	30.25	6.147
20130627	30.191	6.149
20130628	30.12	6.1376
20130701	30.115	6.1327
20130702	30.12	6.133
20130703	30.302	6.1308
20130704	30.199	6.1258
20130705	30.218	6.1326
20130708	30.342	6.1337
20130709	30.12	6.1295
20130710	30.085	6.1341
20130711	29.952	6.1352
20130712	29.932	6.1375
20130715	29.952	6.1378
20130716	29.878	6.135
20130717	29.925	6.1353
20130718	30.025	6.1413
20130719	29.978	6.1379
20130722	29.935	6.1413
20130723	29.92	6.1374
20130724	29.942	6.136
20130725	29.978	6.1347
20130726	29.95	6.1316
20130729	29.96	6.1325
20130730	30.005	6.1317
20130731	30.12	6.1289
20130801	30.125	6.1305
20130802	30.129	6.1294
20130805	29.95	6.1247
20130806	29.995	6.1217
20130807	30.025	6.1192
20130808	29.96	6.1225
20130809	29.955	6.123
20130812	29.98	6.1223
20130813	30.002	6.1217
20130814	30.032	6.1196
20130815	30.035	6.1125
20130816	30.002	6.115
20130819	30.032	6.1229
20130820	30.092	6.1246
20130822	30.127	6.1211
20130823	30.053	6.121
20130826	30.015	6.1225
20130827	30.06	6.1217
20130828	30.05	6.1202
20130829	30.012	6.1205
20130830	29.983	6.1195
20130902	29.9	6.1196
20130903	29.92	6.1206
20130904	29.885	6.1201
20130905	29.985	6.1199
20130906	29.9	6.1205
20130909	29.825	6.121
20130910	29.76	6.12
20130911	29.828	6.1185
20130912	29.783	6.118
20130913	29.842	6.1188
20130914	29.842	6.1188
20130916	29.721	6.1203
20130917	29.76	6.1215
20130918	29.752	6.1212
20130923	29.629	6.121
20130924	29.632	6.121
20130925	29.69	6.12
20130926	29.673	6.1214
20130927	29.656	6.1202
20130930	29.67	6.122
20131001	29.615	6.122
20131002	29.61	6.122
20131003	29.532	6.122
20131004	29.502	6.122
20131007	29.536	6.122
20131008	29.542	6.1211
20131009	29.548	6.1211
20131011	29.49	6.1206
20131014	29.495	6.1079
20131015	29.445	6.1026
20131016	29.46	6.1025
20131017	29.452	6.0982
20131018	29.446	6.0968
20131021	29.482	6.0925
20131022	29.466	6.0935
20131023	29.425	6.0835
20131024	29.452	6.082
20131025	29.455	6.084
20131028	29.46	6.0855
20131029	29.472	6.0902
20131030	29.475	6.0938
20131031	29.455	6.0945
20131101	29.47	6.0995
20131104	29.506	6.0992
20131105	29.466	6.0968
20131106	29.48	6.0927
20131107	29.485	6.0908
20131108	29.505	6.0905
20131111	29.625	6.0913
20131112	29.636	6.0919
20131113	29.65	6.0928
20131114	29.606	6.0922
20131115	29.62	6.0922
20131118	29.58	6.092
20131119	29.532	6.0927
20131120	29.572	6.0929
20131121	29.636	6.0932
20131122	29.645	6.0936
20131125	29.675	6.0926
20131126	29.652	6.0927
20131127	29.672	6.0924
20131128	29.68	6.0925
20131129	29.679	6.0932
20131202	29.636	6.0929
20131203	29.702	6.0924
20131204	29.692	6.0916
20131205	29.69	6.0913
20131206	29.665	6.0817
20131209	29.63	6.0723
20131210	29.635	6.071
20131211	29.64	6.0717
20131212	29.66	6.0711
20131213	29.689	6.0712
20131216	29.706	6.0715
20131217	29.716	6.071
20131218	29.745	6.0718
20131219	29.945	6.0713
20131220	29.98	6.0713
20131223	30.009	6.0702
20131224	30.039	6.0714
20131225	30.047	6.0714
20131226	30.06	6.0746
20131227	30.025	6.0686
20131230	30.03	6.0618
20131231	29.95	6.0539
20140102	29.979	6.0506
20140103	30.039	6.0515
20140106	30.235	6.0526
20140107	30.315	6.0512
20140108	30.24	6.0512
20140109	30.252	6.055
20140110	30.212	6.0521
20140113	30.112	6.0434
20140114	30.159	6.0412
20140115	30.236	6.046
20140116	30.256	6.0557
20140117	30.221	6.0502
20140120	30.256	6.0527
20140121	30.29	6.0505
20140122	30.32	6.0513
20140123	30.41	6.0517
20140124	30.42	6.0488
20140127	30.511	6.048
20140128	30.451	6.0508
20140129	30.376	6.0553
20140205	30.42	6.06
20140206	30.429	6.06
20140207	30.406	6.0634
20140210	30.38	6.0593
20140211	30.406	6.0606
20140212	30.346	6.0624
20140213	30.408	6.0636
20140214	30.347	6.0668
20140217	30.285	6.0641
20140218	30.339	6.0673
20140219	30.332	6.0764
20140220	30.392	6.0834
20140221	30.395	6.0914
20140224	30.425	6.0984
20140225	30.402	6.1266
20140226	30.35	6.1248
20140227	30.355	6.1284
20140303	30.369	6.1462
20140304	30.38	6.143
20140305	30.352	6.1282
20140306	30.323	6.1185
20140307	30.302	6.126
20140310	30.325	6.1385
20140311	30.305	6.1402
20140312	30.375	6.145
20140313	30.352	6.1361
20140314	30.381	6.1502
20140317	30.352	6.1781
20140318	30.386	6.192
20140319	30.437	6.1965
20140320	30.589	6.2275
20140321	30.652	6.225
20140324	30.622	6.1888
20140325	30.619	6.2024
20140326	30.605	6.2094
20140327	30.582	6.213
20140328	30.552	6.2122
20140331	30.51	6.218
20140401	30.435	6.2069
20140402	30.375	6.2056
20140403	30.38	6.2107
20140407	30.32	6.2123
20140408	30.27	6.1968
20140409	30.162	6.2005
20140410	30.13	6.2125
20140411	30.132	6.2113
20140414	30.233	6.2191
20140415	30.235	6.222
20140416	30.201	6.2214
20140417	30.221	6.219
20140418	30.23	6.2242
20140421	30.268	6.2274
20140422	30.303	6.2375
20140423	30.326	6.2376
20140424	30.306	6.2489
20140425	30.32	6.2536
20140428	30.285	6.253
20140429	30.25	6.258
20140430	30.258	6.2593
20140502	30.212	6.2593
20140505	30.171	6.2455
20140506	30.176	6.2257
20140507	30.165	6.2343
20140508	30.167	6.228
20140509	30.175	6.228
20140512	30.192	6.2375
20140513	30.212	6.2291
20140514	30.22	6.2289
20140515	30.203	6.2306
20140516	30.208	6.2334
20140519	30.185	6.2374
20140520	30.202	6.2384
20140521	30.216	6.2337
20140522	30.178	6.235
20140523	30.18	6.2365
20140526	30.16	6.2392
20140527	30.171	6.2486
20140528	30.151	6.2556
20140529	30.128	6.2399
20140530	30.05	6.2473
20140603	30.064	6.2541
20140604	30.102	6.2504
20140605	30.088	6.2548
20140606	30.08	6.2502
20140609	30.048	6.2404
20140610	30.05	6.225
20140611	30.039	6.2279
20140612	30.045	6.2185
20140613	30.053	6.2107
20140616	30.061	6.225
20140617	30.066	6.2269
20140618	30.071	6.2314
20140619	30.036	6.2296
20140620	30.065	6.226
20140623	30.039	6.2266
20140624	30.031	6.2315
20140625	30.051	6.2344
20140626	29.992	6.2251
20140627	29.962	6.2181
20140630	29.915	6.205
20140701	29.935	6.2016
20140702	29.905	6.2106
20140703	29.935	6.2129
20140704	29.937	6.2043
20140707	29.96	6.204
20140708	29.97	6.2022
20140709	29.962	6.1999
20140710	29.945	6.2028
20140711	29.99	6.2037
20140714	30.001	6.2059
20140715	30.042	6.208
20140716	30.072	6.2047
20140717	30.046	6.2045
20140718	30.051	6.208
20140721	30.037	6.2089
20140722	30.035	6.2037
20140724	30.052	6.1949
20140725	30.035	6.1915
20140728	30.037	6.1863
20140729	30.005	6.1815
20140730	30.01	6.1717
20140731	30.04	6.1747
20140801	30.069	6.1798
20140804	30.04	6.1785
20140805	30.045	6.1708
20140806	30.056	6.1633
20140807	30.061	6.1619
20140808	30.066	6.1567
20140811	30.052	6.1536
20140812	30.06	6.1583
20140813	30.065	6.1544
20140814	30.045	6.1531
20140815	30.035	6.147
20140818	30.04	6.1437
20140819	30.042	6.1418
20140820	30.047	6.1413
20140821	30.052	6.1514
20140822	30.02	6.1529
20140825	30.028	6.155
20140826	30.026	6.1523
20140827	29.985	6.1432
20140828	29.965	6.1446
20140829	29.97	6.1432
20140901	29.968	6.1428
20140902	29.978	6.1488
20140903	29.986	6.1411
20140904	29.972	6.1386
20140905	30.002	6.1412
20140909	30.005	6.137
20140910	30.025	6.1299
20140911	30.06	6.13
20140912	30.068	6.1346
20140915	30.106	6.142
20140916	30.16	6.1462
20140917	30.134	6.1401
20140918	30.256	6.1406
20140919	30.258	6.1405
20140922	30.229	6.1404
20140923	30.24	6.1378
20140924	30.248	6.1346
20140925	30.31	6.1363
20140926	30.312	6.127
20140929	30.502	6.1501
20140930	30.436	6.1395
20141001	30.492	6.1395
20141002	30.46	6.1395
20141003	30.437	6.1395
20141006	30.503	6.1395
20141007	30.453	6.1395
20141008	30.505	6.139
20141009	30.43	6.1305
20141013	30.45	6.1259
20141014	30.43	6.1247
20141015	30.42	6.1259
20141016	30.41	6.1231
20141017	30.421	6.124
20141020	30.415	6.1229
20141021	30.401	6.1212
20141022	30.393	6.1185
20141023	30.405	6.1195
20141024	30.413	6.1172
20141027	30.403	6.1167
20141028	30.398	6.1133
20141029	30.376	6.1112
20141030	30.402	6.1159
20141031	30.478	6.1135
20141103	30.488	6.1183
20141104	30.538	6.1152
20141105	30.602	6.1146
20141106	30.605	6.1123
20141107	30.716	6.1229
20141110	30.606	6.1196
20141111	30.717	6.1252
20141112	30.75	6.1262
20141113	30.752	6.1248
20141114	30.766	6.1307
20141117	30.739	6.1241
20141118	30.775	6.1213
20141119	30.876	6.1198
20141120	31.015	6.1245
20141121	31.005	6.1249
20141124	31.01	6.1417
20141125	30.966	6.1365
20141126	30.952	6.1389
20141127	30.951	6.1392
20141128	31.039	6.145
20141201	31.139	6.152
20141202	31.106	6.1503
20141203	31.167	6.15
20141204	31.197	6.1546
20141205	31.192	6.1502
20141208	31.285	6.1727
20141209	31.29	6.1855
20141210	31.26	6.1768
20141211	31.262	6.1886
20141212	31.326	6.1869
20141215	31.342	6.1912
20141216	31.327	6.1903
20141217	31.357	6.1975
20141218	31.45	6.2163
20141219	31.472	6.2202
20141222	31.586	6.2216
20141223	31.765	6.226
20141224	31.815	6.2163
20141225	31.753	6.1976
20141226	31.75	6.2129
20141227	31.75	6.2129
20141229	31.761	6.2218
20141230	31.766	6.202
20141231	31.718	6.204
20150105	32.005	6.22
20150106	31.996	6.213
20150107	32.001	6.2125
20150108	32.006	6.2145
20150109	31.936	6.2086
20150112	31.856	6.2036
20150113	31.862	6.1983
20150114	31.832	6.1957
20150115	31.786	6.1881
20150116	31.645	6.2066
20150119	31.552	6.2203
20150120	31.696	6.2142
20150121	31.553	6.2115
20150122	31.51	6.2095
20150123	31.432	6.2288
20150126	31.339	6.2542
20150127	31.325	6.2435
20150128	31.328	6.248
20150129	31.512	6.2469
20150130	31.555	6.251
20150202	31.685	6.2597
20150203	31.623	6.2581
20150204	31.473	6.2477
20150205	31.535	6.2521
20150206	31.49	6.2447
20150209	31.56	6.2472
20150210	31.502	6.2416
20150211	31.564	6.2427
20150212	31.63	6.2454
20150213	31.475	6.2405
20150216	31.6	6.2485
20150217	31.638	6.2551
20150224	31.688	6.2551
20150225	31.532	6.2598
20150226	31.503	6.2589
20150302	31.568	6.273
20150303	31.508	6.2743
20150304	31.48	6.2709
20150305	31.507	6.2662
20150306	31.45	6.2629
20150309	31.52	6.2644
20150310	31.566	6.262
20150311	31.666	6.2623
20150312	31.67	6.2624
20150313	31.71	6.2595
20150316	31.712	6.2624
20150317	31.667	6.2499
20150318	31.65	6.2294
20150319	31.502	6.1961
20150320	31.548	6.2062
20150323	31.503	6.216
20150324	31.383	6.2053
20150325	31.401	6.2125
20150326	31.405	6.2124
20150327	31.375	6.2167
20150330	31.38	6.2077
20150331	31.401	6.1996
20150401	31.362	6.198
20150402	31.303	6.197
20150407	31.152	6.1983
20150408	31.226	6.2032
20150409	31.231	6.206
20150410	31.24	6.208
20150413	31.342	6.2167
20150414	31.312	6.2118
20150415	31.33	6.2052
20150416	31.253	6.1967
20150417	31.162	6.1978
20150420	31.102	6.2015
20150421	31.173	6.2016
20150422	31.113	6.195
20150423	31.131	6.198
20150424	31.051	6.195
20150427	30.861	6.2206
20150428	30.831	6.2057
20150429	30.695	6.1997
20150430	30.752	6.2028
20150504	30.776	6.209
20150505	30.781	6.2062
20150506	30.753	6.2007
20150507	30.803	6.2069
20150508	30.765	6.2094
20150511	30.78	6.2096
20150512	30.81	6.2092
20150513	30.78	6.2044
20150514	30.681	6.2012
20150515	30.612	6.2061
20150518	30.61	6.2043
20150519	30.64	6.2066
20150520	30.682	6.2038
20150521	30.65	6.1968
20150522	30.541	6.1976
20150525	30.571	6.202
20150526	30.708	6.204
20150527	30.725	6.2014
20150528	30.801	6.2012
20150529	30.871	6.1985
 
		
		
		
		
		
		
		
		
		
		
		
		
		
		
		
		
		
		
		
		
		
		
		
		
		
		
		
		
		
		
		
		
		
		
		
		
		
		
		
		
		
		
		
		
		
		
		
		
		
		
		
		
		
		
		
		
		
		
		
		
		
		
		
		
		
		
		
		
		
		
		
		
		
		
		
		
		
		
		
		
		
		
		
		
		
		
		
		
		
		
		
		
		
		
		
		
		
		
		
		
		
		
		
		
		
		
		
		
		
		
		
		
		
		
		
		
		
		
		
		
		
		
		
		
		
		
		
		
		
		
		
		
		
		
		
		
		
		
		
		
		
		
		
		
		
		
		
		
		
		
		
		
		
		
		
		
		
		
		
		
		
		
		
		
		
		
		
		
		
		
		
		
		
		
		
		
		
		
		
		
		
		
		
		
		
		
		
		
		
		
		
		
		
		
		
		
		
		
		
		
		
		
		
		
		
		
		
		
		
		
		
		
		
		
		
		
		
		
		
		
		
		
		
		
		
		
		
		
		
		
		
		
		
		
		
		
		
		
		
		
		
		
		
		
		
		
		
		
		
		
		
		
		
		
		
		
		
		
		
		
		
		
		
		
		
		
		
		
		
		
		
		
		
		
		
		
		
		
		
		
		
		
		
		
		
		
		
		
		
		
		
		
		
		
		
		
		
		
		
		
		
		
		
		
		
		
		
		
		
		
		
		
		
		
		
		
		
		
		
		
		
		
		
		
		
		
		
		
		
		
		
		
		
		
		
		
		
		
		
		
		
		
		
		
		
		
		
		
		
		
		
		
		
		
		
		
		
		
		
		
		
		
		
		
		
		
		
		
		
		
		
		
		
		
		
		
		
		
		
		
		
		
		
		
		
		
		
		
		
		
		
		
		
		
		
		
		
		
		
		
		
		
		
		
		
		
		
		
		
		
		
		
		
		
		
		
		
		
		
		
		
		
		
		
		
		
		
		
		
		
		
		
		
		
		
		
		
		
		
		
		
		
		
		
		
		
		
		
		
		
		
		
		
		
		
		
		
		
		
		
		
		
		
		
		
		
		
		
		
		
		
		
		
		
		
		
		
		
		
		
		
		
		
		
		
		
		
		
		
		
		
		
		
		
		
		
		
		
		
		
		
		
		
		
		
		
		
		
		
		
		
		
		
		
		
		
		
		
		
		
		
		
		
		
		
		
		
		
		
		
		
		
		
		
		
		
		
		
		
		
		
		
		
		
		
		
		
		
		
		
		
		
		
		
		
		
		
		
		
		
		
		
		
		
		
		
		
		
		
		
		
		
		
		
		
		
		
		
		
		
		
		
		
		
		
		
		
		
		
		
		
		
		
		
		
		
		
		
		
		
		
		
		
		
		
		
		
		
		
		
		
		
		
		
		
		
		
		
		
		
		
		
		
		
		
		
		
		
		
		
		
		
		
		
		
		
		
		
		
		
		
		
		
		
		
		
		
		
		
		
		
		
		
		
		
		
		
		
		
		
		
		
		
		
		
		
		
		
		
		
		
		
		
		
		
		
		
		
		
		
		
		
		
		
		
		
		
		
		
		
		
		
		
		
		
		
		
		
		
		
		
		
		
		
		
		
		
		
		
		
		
		
		
		
		
		
		
		
		
		
		
		
		
		
		
		
		
		
		
		
		
		
		
		
		
		
		
		
		
		
		
		
		
		
		
		
		
		
		
		
		
		
		
		
		
		
		
		
		
		
		
		
		
		
		
		
		
		
		
		
		
		
		
		
		
		
		
		
		
		
		
		
		
		
		
		
		
		
		
		
		
		
		
		
		
		
		
		
		
		
		
		
		
		
		
		
		
		
		
		
		
		
		
		
		
		
		
		
		
		
		
		
		
		
		
		
		
		
		
		
		
		
		
		
		
		
		
		
		
		
		
		
		
		
		
		
		
		
		
		
		
		
		
		
		
		
		
		
		
		
		
		
		
		
		
		
		
		
		
		
		
		
		
		
		
		
		
		
		
		
		
		
		
		
		
		
		
		
		
		
		
		
		
		
		
		
		
		
		
		
		
		
		
		
		
		
		
		
		
		
		
		
		
		
		
		
		
		
		
		
		
		
		
		
		
		
		
		
		
		
		
		
		
		
		
		
		
		
		
		
		
		
		
		
		
		
		
		
		
		
		
		
		
		
		
		
		
		
		
		
		
		
		
		
		
		
		
		
		
		
		
		
		
		
		
		
		
		
		
		
		
		
		
		
		
		
		
		
		
		
		
		
		
		
		
		
		
		
		
		
		
		
		
		
		
		
		
		
		
		
		
		
		
		
		
		
		
		
		
		
		
		
		
		
		
		
		
		
		
		
		
		
		
		
		
		
		
		
		
		
		
		
		
		
		
		
		
		
		
		
		
		
		
		
		
		
		
		
		
		
		
		
		
		
		
		
		
		
		
		
		
		
		
		
		
		
		
		
		
		
		
		
		
		
		
		
		
		
		
		
		
		
		
		
		
		
		
		
		
		
		
		
		
		
		
		
		
		
		
		
		
		
		
		
		
		
		
		
		
		
		
		
		
		
		
		
		
		
		
		
		
		
		
		
		
		
		
		
		
		
		
		
		
		
		
		
		
		
		
		
		
		
		
		
		
		
		
		
		
		
		
		
		
		
		
		
		
		
		
		
		
		
		
		
		
		
		
		
		
		
		
		
		
		
		
		
		
		
		
		
		
		
		
		
		
		
		
		
		
		
		
		
		
		
		
		
		
		
		
		
		
		
		
		
		
		
		
		
		
		
		
		
		
		
		
		
		
		
		
		
		
		
		
		
		
		
		
		
		
		
		
		
		
		
		
		
		
		
		
		
		
		
		
		
		
		
		
		
		
		
		
		
		
		
		
		
		
		
		
		
		
		
		
		
		
		
		
		
		
		
		
		
		
		
		
		
		
		
		
		
		
		
		
		
		
		
		
		
		
		
		
		
		
		
		
		
		
		
		
		
		
		
		
		
		
		
		
		
		
		
		
		
		
		
		
		
		
		
		
		
		
		
		
		
		
		
		
		
		
		
		
		
		
		
		
		
		
		
		
		
		
		
		
		
		
		
		
		
		
		
		
		
		
		
		
		
		
		
		
		
		
		
		
		
		
		
		
		
		
		
		
		
		
		
		
		
		
		
		
		
		
		
		
		
		
		
		
		
		
		
		
		
		
		
		
		
		
		
		
		
		
		
		
		
		
		
		
		
		
		
		
		
		
		
		
		
		
		
		
		
		
		
		
		
		
		
		
		
		
		
		
		
		
		
		
		
		
		
		
		
		
		
		
		
		
		
		
		
		
		
		
		
		
		
		
		
		
		
		
		
		
		
		
		
		
		
		
		
		
		
		
		
		
		
		
		
		
		
		
		
		
		
		
		
		
		
		
		
		
		
		
		
		
		
		
		
		
		
		
		
		
		
		
		
		
		
		
		
		
		
		
		
		
		
		
		
		
		
		
		
		
		
		
		
		
		
		
		
		
		
		
		
		
		
		
		
		
		
		
		
		
		
		
		
		
		
		
		
		
		
		
		
		
		
		
		
		
		
		
		
		
		
		
		
		
		
		
		
		
		
		
		
		
		
		
		
		
		
		
		
		
		
		
		
		
		
		
		
		
		
		
		
		
		
		
		
		
		
		
		
		
		
		
		
		
		
		
		
		
		
		
		
		
		
		
		
		
		
		
		
		
		
		
		
		
		
		
		
		
		
		
		
		
		
		
		
		
		
		
		
		
		
		
		
		
		
		
		
		
		
		
		
		
		
		
		
		
		
		
		
		
		
		
		
		
		
		
		
		
		
		
		
		
		
		
		
		
		
		
		
		
		
		
		
		
		
		
		
		
		
		
		
		
		
		
		
		
		
		
		
		
		
		
		
		
		
		
		
		
		
		
		
		
		
		
		
		
		
		
		
		
		
		
		
		
		
		
		
		
		
		
		
		
		
		
		
		
		
		
		
		
		
		
		
		
		
		
		
		
		
		
		
		
		
		
		
		
		
		
		
		
		
		
		
		
		
		
		
		
		
		
		
		
		
		
		
		
		
		
		
		
		
		
		
		
		
		
		
		
		
		
		
		
		
		
		
		
		
		
		
		
		
		
		
		
		
		
		
		
		
		
		
		
		
		
		
		
		
		
		
		
		
		
		
		
		
		
		
		
		
		
		
		
		
		
		
		
		
		
		
		
		
		
		
		
		
		
		
		
		
		
		
		
		
		
		
		
		
		
		
		
		
		
		
		
		
		
		
		
		
		
		
		
		
		
		
		
		
		
		
		
		
		
		
		
		
		
		
		
		
		
		
		
		
		
		
		
		
		
		
		
		
		
		
		
		
		
		
		
		
		
		
		
		
		
		
		
		
		
		
		
		
		
		
		
		
		
		
		
		
		
		
		
		
		
		
		
		
		
		
		
		
		
		
		
		
		
		
		
		
		
		
		
		
		
		
		
		
		
		
		
		
		
		
		
		
		
		
		
		
		
		
		
		
		
		
		
		
		
		
		
		
		
		
		
		
		
		
		
		
		
		
		
		
		
		
		
		
		
		
		
		
		
		
		
		
		
		
		
		
		
		
		
		
		
		
		
		
		
		
		
		
		
		
		
		
		
		
		
		
		
		
		
		
		
		
		
		
		
		
		
		
		
		
		
		
		
		
		
		
		
		
		
		
		
		
		
		
		
		
		
		
		
		
		
		
		
		
		
		
		
		
		
		
		
		
		
		
		
		
		
		
		
		
		
		
		
		
		
		
		
		
		
		
		
		
		
		
		
		
		
		
		
		
		
		
		
		
		
		
		
		
		
		
		
		
		
		
		
		
		
		
		
		
		
		
		
		
		
		
		
		
		
		
		
		
		
		
		
		
		
		
		
		
		
		
		
		
		
		
		
		
		
		
		
		
		
		
		
		
		
		
		
		
		
		
		
		
		
		
		
		
		
		
		
		
		
		
		
		
		
		
		
		
		
		
		
		
		
		
		
		
		
		
		
		
		
		
		
		
		
		
		
		
		
		
		
		
		
		
		
		
		
		
		
		
		
		
		
		
		
		
		
		
		
		
		
		
		
		
		
		
		
		
		
		
		
		
		
		
		
		
		
		
		
		
		
		
		
		
		
		
		
		
		
		
		
		
		
		
		
		
		
		
		
		
		
		
		
		
		
		
		
		
		
		
		
		
		
		
		
		
		
		
		
		
		
		
		
		
		
		
		
		
		
		
		
		
		
		
		
		
		
		
		
		
		
		
		
		
		
		
		
		
		
		
		
		
		
		
		
		
		
		
		
		
		
		
		
		
		
		
		
		
		
		
		
		
		
		
		
		
		
		
		
		
		
		
		
		
		
		
		
		
		
		
		
		
		
		
		
		
		
		
		
		
		
		
		
		
		
		
		
		
		
		
		
		
		
		
		
		
		
		
		
		
		
		
		
		
		
		
		
		
		
		
		
		
		
		
		
		
		
		
		
		
		
		
		
		
		
		
		
		
		
		
		
		
		
		
		
		
		
		
		
		
		
		
		
		
		
		
		
		
		
		
		
		
		
		
		
		
		
		
		
		
		
		
		
		
		
		
		
		
		
		
		
		
		
		
		
		
		
		
		
		
		
		
		
		
		
		
		
		
		
		
		
		
		
		
		
		
		
		
		
		
		
		
		
		
		
		
		
		
		
		
		
		
		
		
		
		
		
		
		
		
		
		
		
		
		
		
		
		
		
		
		
		
		
		
		
		
		
		
		
		
		
		
		
		
		
		
		
		
		
		
		
		
		
		
		
		
		
		
		
		
		
		
		
		
		
		
		
		
		
		
		
		
		
		
		
		
		
		
		
		
		
		
		
		
		
		
		
		
		
		
		
		
		
		
		
		
		
		
		
		
		
		
		
		
		
		
		
		
		
		
		
		
		
		
		
		
		
		
		
		
		
		
		
		
		
		
		
		
		
		
		
		
		
		
		
		
		
		
		
		
		
		
		
		
		
		
		
		
		
		
		
		
		
		
		
		
		
		
		
		
		
		
		
		
		
		
		
		
		
		
		
		
		
		
		
		
		
		
		
		
		
		
		
		
		
		
		
		
		
		
		
		
		
		
		
		
		
		
		
		
		
		
		
		
		
		
		
		
		
		
		
		
		
		
		
		
		
		
		
		
		
		
		
		
		
		
		
		
		
		
		
		
		
