18.63
18.45
18.55
18.6
18.63
18.6
18.6
18.58
18.65
18.68
18.75
18.78
18.65
18.75
18.78
18.78
18.68
18.78
18.9
19.03
19.05
19.05
19.1
18.9
18.75
18.7
19.08
19.15
19.08
18.98
19.25
19.33
19.48
19.5
19.48
19.68
19.73
19.83
19.88
20.28
20.4
20.63
20.55
20.35
20.33
20.15
19.58
19.3
19.78
19.98
20.2
20.03
20.95
20.65
19.8
19.75
19.65
19.43
19.45
19.5
19.4
19.25
18.85
18.75
18.5
18.3
18.1
17.48
17.55
18.1
18.28
18.2
18.63
18.43
18.4
18.18
18.13
17.6
17.68
17.9
18.3
18.18
18.15
18.53
18.53
18.43
18.3
18.28
18.48
18.48
18.68
18.6
18.65
18.5
18.48
18.5
18.65
18.78
18.6
18.58
18.63
18.6
18.55
18.55
18.68
18.68
19
19.1
18.78
18.93
19.13
18.98
18.75
18.8
18.85
18.75
18.8
18.63
18.38
17.93
17.85
17.95
17.5
17.75
17.8
17.85
17.8
17.68
17.4
17.18
17.48
17.6
17.9
17.83
17.68
17.73
17.78
17.7
17.65
17.7
17.93
18
17.78
17.58
17.43
17.55
17.73
16.8
16.2
15.93
15.03
15.6
15.4
16.7
17.25
17.1
17
17.38
17.85
17.6
17.95
17.08
17.9
16.88
16.65
15.95
16.38
16.55
16.65
16.83
17.1
16.83
17.08
16.7
16.45
16.13
16.1
16.28
16.1
16.18
16.15
16.18
16.1
16.5
16.4
16.13
16.1
15.75
15.68
15.63
15.85
15.48
15.55
15.38
15.58
15.35
14.85
14.65
14.73
14.18
13.8
14
14
13.9
13.8
13.98
14.48
14.88
14.28
14.3
14.45
14.43
14.93
15.38
15.03
15.4
15.65
15.45
15.55
15.6
15.7
15.65
15.5
15.38
15.53
15.55
16.2
16.48
16.55
16.65
16.85
17.45
17.05
16.78
17
17.15
17.13
17.18
17.4
16.88
16.6
15.95
16.08
16.15
16.15
16.45
16.5
16.38
16.48
16.4
16.5
16.6
16.6
16.4
16.25
16.45
16.23
16.3
16.18
16.18
16.25
16.23
16.2
16.33
16.33
16.45
16.25
16.23
16.28
16.3
15.85
15.53
15.85
15.7
15.43
15.48
15
15
15.13
15.18
15.15
14.93
14.83
14.55
14.18
13.95
14.05
13.98
14.5
15.5
15.05
14.63
14
14.1
14.1
14.25
15
14.93
15.48
15.63
15.83
15.8
15.38
15.45
15.7
15.75
15.6
15.35
15
14.5
14.85
15.48
15.4
15.1
15.13
14.98
14.8
14.85
14.75
14.78
14.85
15.03
14.8
14.85
14.63
14.5
14.48
14.45
14.4
14.15
14
13.68
13.35
13.18
13.3
13.25
12.7
13.4
13.9
13.5
13.23
12.85
13.15
13.05
13.2
13.2
13.1
12.58
12.75
12.5
11.93
11.6
11.65
11.2
11.3
11.35
12.2
12.35
12.45
12.55
13.2
13.55
12.9
13.35
13.5
13.48
12.2
12.08
12.08
12.33
12.6
12.6
12.18
12.35
12.5
12.75
12.75
12.6
12.7
13.03
13.03
13
13
12.7
12.05
12.08
12.13
13.35
13.33
12.98
14.7
14.73
14.25
14.35
14.93
14.8
14.73
14.4
14.7
15.05
14.9
15.2
15.18
15.35
15.58
15.6
15.3
15.28
15.33
15.25
15.38
16.25
16.1
15.9
16.23
16.4
16.53
16.58
16.85
17
16.75
16.9
16.85
17.4
17.5
17.78
17.95
18.1
18.15
16.98
17.05
17.7
17.73
17.18
16.85
16.38
16.4
16.95
16.75
16.5
16.6
16.75
16.58
16.4
16.5
16.83
16.75
17.15
17.15
17.38
17.2
16.95
17.1
17.05
17.55
17.23
17.25
17.45
17.73
17.73
17.55
17.55
17.8
17.63
18.1
18.63
19.08
18.95
19.3
19.18
19.63
19.6
19.93
19.73
19.45
20
20.45
19.65
19.9
19.75
19.08
19.4
19.6
19.95
19.85
19.95
19.63
19.88
20.2
21.5
22.25
21.6
21.2
21.15
21.05
20.65
20.15
19.15
18.88
19.7
19.4
18.8
19.03
18.88
19.3
19.2
19.2
19.8
18.58
18.6
18.3
17.4
17.7
18.15
18.2
17.65
17.73
18.03
18.25
18.08
18.15
18.55
18.5
18.15
17.8
17.95
17.18
16.8
16.9
16.95
16.65
16.85
16.88
17.13
17.3
18.03
18.23
18.2
18
18.2
18.28
18.4
18.6
18.75
18.3
17.85
17.83
17.63
17.65
17.6
17.9
18.05
18.05
17.85
17.98
17.83
17.3
17.05
16.5
16.28
16.38
16.3
16.23
16.1
16.4
16.15
16.05
16.28
16.45
16.93
17
16.85
17
17
16.95
16.83
16.9
17.1
17.08
17.05
16.95
16.98
17.1
17.13
17.2
17.33
17.43
17.45
17.8
17.8
17.83
17.98
17.9
18.05
17.9
17.88
18.05
17.9
17.8
17.85
17.53
17.45
17.45
17.55
17.93
18.23
18.58
18.73
18.78
18.43
18.45
18.25
18.55
18.85
19.23
19.6
19.38
19.53
19.43
19.33
19.2
18.88
18.8
18.88
18.48
18.7
18.98
18.93
19.23
19.2
19
18.95
18.9
18.9
18.85
19.05
18.85
18.7
18.65
18.65
18.75
18.8
18.68
18.6
18.4
18.48
18.5
18.23
18.15
18.48
18.68
19.28
19.18
19.28
19.33
19.15
19.45
19.53
19.78
19.68
19.68
19.98
20.28
20.23
20.13
20.5
20.9
20.85
21.05
21.2
22.65
22.5
23.13
21.38
21.03
21.95
21.88
22.13
21.6
21.15
20.45
20.78
21.28
20.88
20.23
20.18
20.55
20.63
20.73
20.73
20.5
20.58
20.73
20.73
20.6
20.15
20.05
19.75
19.68
20.03
19.6
19.9
19.88
19.95
19.68
19.5
19.35
18.78
18.9
19.23
19.2
19.33
19.18
19.15
19.18
18.95
18.73
18.68
18.3
18.53
18.33
18.48
18.4
17.83
17.75
17.78
17.83
17.88
18.23
18.1
18.03
17.9
17.95
18.18
18.2
17.95
17.55
17.1
16.53
15.93
15.3
15.8
15.7
15.33
16.13
16.35
16.95
16.75
16.5
16.6
16.43
16.35
16.43
16.58
15.93
15.58
15.65
16.18
16.45
16.7
16.73
17.4
17.4
17.25
17.05
17.08
16.65
16.48
15.7
15.8
15.95
15.48
15.98
15.3
15.43
15.35
14.78
14.8
15.03
14.68
14.73
14.95
14.9
15.3
15.15
14.83
14.75
14.75
14.75
15.4
15.58
15.58
15.33
15.4
15.73
15.4
15.48
15.48
15.23
15.35
14.98
15.58
15.7
15.88
17.03
17.7
17.58
17.7
17.85
18
18.73
19.08
19
18.73
19.03
18.98
19.23
19.93
22.25
24.13
27.28
27.35
25.15
25.9
26.3
26.63
27.1
26.53
27.2
28.45
28.9
29.05
30.45
32.35
31.65
27.65
27.65
27.65
27.5
27.8
30.53
30.08
31.23
32.15
31.45
31.45
32.1
31.28
31.88
33.35
34.9
35.95
35.08
35.65
36.95
40.75
39.9
40.85
41.45
41
38.95
35.45
37.55
37.2
39.05
39.2
40.9
40.2
41.15
39.9
38.28
38.93
35.33
35.65
33.2
27.45
28.95
30.1
32.9
33.73
34.65
35.5
34.3
35.65
35.05
33.8
33.2
34.55
34.85
34.25
32.85
33.65
31.95
32.2
30.55
30.85
30.1
30.65
31.4
32.05
35.1
34.83
34.1
34.65
31.2
31.25
31.5
30.2
27.35
28.3
28.75
28.03
27.28
27.8
28.45
28.2
27.55
28.13
27.55
26.9
27.7
27.7
27.05
27.43
28.35
26.78
25.05
24.08
25.93
25.73
22.35
26.58
26.05
29.55
29.25
30.28
21.1
19.1
19.25
20.73
22.15
20.9
20.8
20.4
20.75
20.95
20.7
20.8
20.45
20.2
20.93
20.9
20.65
21.23
21.1
21
20.5
18.35
17.68
17.85
18.75
18.55
17.8
17.83
18
18.65
19.5
19.33
20.2
20.05
19.85
19.65
19.1
18.6
18.43
20.33
19.98
19.05
18.3
18.95
18.98
18.8
18.95
18.6
18.35
18.15
18
18
17.63
17.75
18
18.35
18.58
18.6
19.25
19.5
19.93
20.23
19.9
19.85
19.4
19.18
19.78
19.6
19.55
19.6
19.63
19.95
19.7
19.7
19.7
19.55
19.8
19.85
19.8
20.08
19.53
19.25
18.95
18.8
18.75
18.75
18.9
19.03
18.58
18.78
18.83
19
18.75
18.73
19
19
18.83
18.63
18.03
18.28
18
17.85
17.73
18
17.7
17.85
18
17.88
18.15
18.43
18.18
18.15
18.1
18.08
18.48
18.53
18.55
18.5
18.48
18.7
18.98
19.03
19.23
19.2
19.78
19.6
19.83
20.13
20.28
20.28
20.08
19.58
19.33
19.6
19.73
19.58
19.48
19.65
19.73
19.4
19.5
19.45
19.35
19.7
19.58
19.63
19.5
19.23
19.25
19.35
20.55
20.98
19.55
19.53
19.85
20.03
20.03
19.98
20.3
20.53
20.65
20.55
20.25
20.1
20.13
19.85
19.93
20
20.25
20.35
20.53
20.3
20.53
20.43
20.55
20.83
20.75
20.65
21
21.48
21.43
21.15
21.3
21.75
21.83
21.98
21.95
22.43
22.13
22.08
22.6
22.83
22.6
22.73
23
22.95
22.65
22.48
22.25
22.35
21.9
21.85
21.95
22
22.53
22.73
22.53
22
21.85
21.8
21.45
21.2
21.5
21
21.63
21.35
21.08
20.48
20.73
20.15
19.78
19.78
19.65
19.98
20.08
19.6
19.2
19.18
19.15
19.05
18.25
18.1
18.28
18.58
19.05
18.55
18.13
18.15
18.15
18.55
17.6
17.78
17.78
17.75
18
17.75
18.45
18.5
18.75
18.4
17.3
17.18
17.23
18.08
18.23
18.38
18.68
18.48
18.45
17.85
17.83
18.1
18.33
18.55
18.43
18.15
18.1
18.15
18.35
18.4
18.48
18.53
18.58
18.95
18.48
18.33
18.53
18.63
17.65
17.7
17.5
17.85
18
17.4
17.43
17.28
17.55
17.45
17.35
17.05
17.28
17.43
17.3
17.35
17.35
17.2
17.35
17.73
17.73
17.88
17.65
17.65
17.75
17.58
17.65
17.7
17.98
17.85
17.98
19.09
18.38
18.53
18.63
18.93
18.93
19.18
18.95
19.05
19.03
18.85
18.6
18.95
18.95
19
18.73
18.7
18.9
18.9
19.18
19.28
19.65
19.83
19.88
19.98
19.68
19.65
19.63
19.73
19.8
19.95
19.75
19.7
19.7
19.3
19.28
19.6
19.58
20.5
20.8
20.73
20.7
20.9
20.85
21.23
21.08
21.35
21.25
21.13
21.05
21.33
21.28
21.3
21.13
21.03
21.23
21.13
20.83
21.35
21.55
21.5
21.3
21.08
20.6
20.25
20.53
20.65
20.45
19.8
19.7
19.78
20
19.83
19.98
19.85
20.23
20.2
19.95
20.03
20.23
20.48
20.6
20.58
20.78
20.68
20.48
20.38
20.33
19.85
19.68
19.78
19.75
19.55
19.48
19.65
19.83
19.88
19.95
19.9
19.8
19.63
19.68
19.65
19.68
19.63
19.5
19.65
19.65
19.88
20
19.95
20.03
20.13
20.3
20.33
20.3
20.35
20.68
20.5
20.43
20.35
20.3
20.15
20.33
20.53
20.43
20.33
20.28
20.18
20.18
20.28
20.4
20.2
20.23
20.28
20.48
20.48
20.8
20.83
20.68
20.73
20.78
20.73
20.68
20.28
20.13
20.03
19.78
19.78
19.65
19.4
19.13
19.25
19.35
19.03
19.2
19.13
19.1
19.53
19.4
19.18
19.05
19.2
19.15
19.1
19.48
19.48
19.15
19.18
19.28
18.93
19.08
19.25
18.65
18.38
18.2
18.35
18.25
18.08
17.8
18.28
18.2
18.03
17.8
17.9
18.18
18.3
18.33
18.08
18.23
18.28
17.93
17.83
17.85
17.73
17.48
17.53
17.58
17.23
17.28
16.85
16.85
17
17.28
17.25
16.98
16.7
16.88
17.08
17.58
17.93
17.88
18.15
18.48
18.55
18.4
18.65
18.7
18.55
18.33
18.48
18.43
18.48
17.98
18.2
17.93
17.83
18.3
18.63
18.88
18.88
18.83
18.83
19.03
18.83
18.93
19.35
19.6
19.28
19.23
19.08
18.7
18.83
18.88
18.55
18.6
18.7
18.58
18.18
18.23
18.53
18.6
18.55
18.65
18.45
18.7
18.98
18.88
18.95
18.65
18.7
18.53
18.8
18.73
18.63
18.5
18.48
18.53
18.68
18.48
18.63
18.63
18.58
18.48
18.8
18.85
18.9
18.85
19.13
18.98
18.98
18.83
18.9
18.7
18.4
18.28
18.18
18.13
18.1
18.05
18.15
18.15
18.08
18.43
18.43
18.48
18.48
18.15
18.25
18
18.23
18.23
18.2
17.63
17.58
17.3
17.33
17.23
17.13
17.18
17.18
17.18
17.23
17.23
17.23
17.48
17.43
16.98
16.63
16.88
17.13
16.9
16.55
16.53
16.78
16.95
16.5
16.48
16.6
16.58
16.58
16.73
16.65
16.85
16.85
16.85
17.13
17.08
16.85
16.85
16.53
16.63
16.6
16.38
16.45
16.3
16.58
16.78
16.93
16.8
16.88
16.63
16.63
16.68
16.83
16.93
16.68
16.75
17.05
16.73
16.55
16.5
16.33
16.23
15.85
15.65
15.73
15.43
15.43
15.58
15.35
15.43
15.55
16.03
16.25
15.88
15.88
16.1
16.1
16.4
16.78
17.23
17.08
16.9
16.78
16.98
16.88
16.98
17.13
17.15
17
16.8
16.7
16.5
16.53
16.68
16.88
16.48
16.13
15.95
15.95
15.83
15.43
15.83
15.63
15.83
15.78
15.73
15.28
15.33
15.23
15.18
15.08
15.25
15.33
15.55
15.4
15.25
15.35
15.25
15.13
14.35
14.28
14.05
14.23
14.43
14.15
13.95
13.9
13.88
13.45
13.6
13.8
13.9
14.78
13.8
13.63
13.85
13.63
13.45
13.6
13.55
13.38
13.13
13.2
13.18
13.43
14.1
14.55
14.63
14.15
14.1
13.9
13.75
14.1
14.4
14.1
14.25
14.1
14.23
14.35
14.63
14.8
14.78
14.65
14.83
15.03
15.4
15.48
14.93
14.6
14.13
13.53
13.58
13.7
13.4
13.13
13.08
13.28
13
13.05
13.2
13.2
13.4
13.33
13.59
13.45
13.5
13.55
13.43
13.13
13.15
13.3
13.23
13.7
14.03
14.28
14.3
14.25
14.05
14.55
14.8
14.5
14.53
14.58
13.75
13.38
13.23
13.25
14.33
14.33
14.4
14.3
14.73
14.8
15
15.28
15.23
15.48
15.13
15.3
15.63
16.28
16.38
16.05
15.75
15.65
15.35
15.93
15.95
15.85
16.25
16.33
16.25
16.1
16.25
16.5
16.23
15.83
15.98
16.15
16.23
16.63
16.63
16.33
16.08
16.08
16.18
16.4
16.35
16.13
16.18
15.95
15.65
16.13
16.38
16.23
16.4
16.73
16.88
17.13
17.38
17.63
17.48
17.3
17.4
17.4
16.98
17.23
17.45
17.65
17.5
17.13
16.9
16.78
17
17.48
18.25
18.25
18.33
18.15
17.5
17.2
17.35
17.45
17.58
17.35
17.43
17.83
18
18.48
19.03
18.48
18.48
18.43
17.78
17.93
17.68
17.33
17.5
17.1
16.75
16.68
16.28
16.3
16.13
15.25
15.3
15.8
15.75
15.85
15.78
16.03
16.03
15.88
15.6
15.95
16.03
16.05
15.93
15.83
15.48
15.4
15.25
15.3
15.45
15.78
15.8
15.9
16.3
16.1
16.1
16.2
16.6
16.73
16.85
16.7
16.5
16.63
16.93
16.7
16.38
16.08
15.63
15.58
15.75
16.13
16.28
16.53
16.35
16.48
16.48
16.88
17.08
17.18
17.18
17.4
17.58
17.75
18
17.78
17.38
17.55
17.2
17.38
17.25
16.98
16.8
16.53
16.45
17.25
17.2
16.88
16.95
17
16.95
17
16.95
16.98
16.35
15.93
16.05
15.83
16.13
16.08
15.98
15.73
15.83
15.6
15.48
15.58
15.73
15.65
15.6
15.55
16.08
16.25
16.23
15.88
15.93
16.13
16.35
16.08
16
16.4
16.48
16.2
16.38
16.78
16.95
17.08
17.23
17
17.15
16.98
16.73
16.38
16.68
16.8
17.05
17
17.4
17.08
17.05
17.03
16.85
16.85
16.88
17
17.1
17.13
17.4
17.43
17.18
17.08
17.1
17.1
17.35
17.23
16.85
16.55
16.68
16.75
16.85
16.73
16.65
16.5
16.3
16.33
16.38
16.5
16.55
16.83
16.8
17.08
17.48
17.65
17.83
17.85
18.05
17.98
17.98
17.88
18.03
18.35
18.5
18.45
18.15
18.63
18.73
17.98
18.55
18.73
19.15
19.18
19.05
19.35
18.9
19.08
18.98
19.38
18.83
18.33
18.68
18.85
18.78
18.12
18.1
18.08
18.23
18.43
18.53
18.5
18.23
18.43
18.38
18.48
18.55
18
17.8
17.43
17.58
17.7
17.9
18.23
17.95
18.13
17.93
17.68
17.63
17.83
17.63
17.95
17.75
16.93
16.98
16.5
16.55
16.4
16.55
16.63
16.95
16.5
16.58
16.35
15.93
16
16.15
16.1
15.88
15.93
16.03
15.98
15.8
15.73
15.68
15.8
15.68
15.35
15.38
15.48
16
15.98
15.93
15.78
16.1
16.13
15.99
16.08
15.9
16
16.13
16.08
16.23
15.93
15.85
15.78
15.85
16.03
16.25
16.23
16.5
16.3
16.15
16.23
16.18
16.2
16.25
16.62
16.68
16.63
16.6
16.93
16.75
16.9
16.85
17
17.18
17.23
17.23
17
16.6
16.4
16.18
16.15
16.28
16.65
16.58
16.55
16.58
16.4
15.85
15.75
16
15.95
16.05
15.9
15.98
16.15
16.03
15.98
15.85
15.8
15.88
16.08
15.98
16.3
16.35
16.45
16.58
16.53
16.83
16.88
16.78
16.7
16.75
16.9
16.83
16.63
16.58
16.73
16.78
17.03
16.8
16.6
16.9
16.88
16.93
17.2
17.25
17.3
17.13
17.18
17.35
17.53
17.55
17.48
17.73
17.68
17.48
17.7
17.9
18.15
18.33
18.03
18.05
18.1
18.18
18.73
18.78
18.65
18.95
19.15
19.13
19.5
19.68
19.05
18.48
17.85
17.58
17.5
17.73
17.43
17.88
17.53
17.53
17.38
17.33
17
16.7
16.23
16.53
16.63
16.78
17.05
16.93
16.83
16.93
17.05
17.23
17.18
18.08
18.28
18.18
18.2
18.2
18.58
19.05
19.28
18.85
18.85
19
18.65
18.8
18.55
18.4
18.75
19.18
19.03
18.85
18.93
19.3
19.58
19.4
19.3
20.5
20.35
20.38
20.35
21.15
21.3
21.68
21.33
20.25
20.33
20.8
21.18
20.93
20.85
21.43
22.63
23.9
22.73
22.68
21.2
19.88
19.33
19.53
19.38
20.88
20.73
20.35
20.05
20.05
19.5
18.95
19.45
19.38
20.08
19.85
19.35
19.23
19.48
19.63
19.5
18.63
18.05
18.63
18.7
19.4
19.53
19.73
19.53
18.95
18.1
18.1
18.25
18.5
18.2
18.18
18.4
18.48
18.28
18.23
17.98
17.83
18.7
18.8
18.4
18.43
18.45
18.38
18.38
18.6
19.38
19.28
19.77
19.43
19.13
19.77
19.99
19.62
19.63
19.8
20.01
19.93
20.2
20.3
19.75
19.95
19.45
19.23
19.5
19.36
19.5
18.92
18.99
18.9
19
18.84
19.63
19.65
19.45
19.48
20.03
20.05
20.65
21.03
20.9
20.88
21.3
21.58
21.35
20.8
21.25
20.78
20.45
20.68
21
20.98
22.23
21.9
22.2
22.15
22.43
22.25
22.68
23.3
23.35
23.83
22.6
21.7
22.38
22.08
21.78
22.15
22.78
23.05
23.35
22.9
24.15
23.18
23.13
23.63
23.88
24.28
24.55
24.58
23.63
23.85
24.75
24.58
24.5
24.83
25.18
25.08
25.4
24.6
24.28
24.13
24.45
23.3
23.15
22.8
22.3
22.1
21.85
21.85
21.75
22.4
22.7
22.38
22.88
23.18
23.28
22.75
23.13
23.4
22.9
23.86
23.22
22.78
23.07
23
23.17
23.5
24.12
24.21
24.49
24.56
24.18
23.74
22.95
22.65
22.83
23.98
24.05
23.69
24.18
23.96
23.51
23.66
23.55
23.95
23.9
24.45
24.19
24.76
24.76
24.78
24.83
24.22
23.41
23.31
23.31
22.87
22.86
22.98
22.93
22.93
22.8
22.56
22.62
23.01
23.43
23.28
22.91
22.65
22.69
21.86
20.73
21.25
21.15
20.47
20.56
20.48
20.56
20.98
20.57
20.13
19.87
20.08
19.82
19.96
19.44
19.1
19.4
19.38
19.55
19.21
18.57
18.98
19.3
19.44
18.98
19.54
20
19.62
19.39
18.93
18.77
18.91
18.53
18.53
18.53
18.15
17.97
17.28
17.25
16.92
16.98
17.02
17.25
17.54
17.61
17.53
17.24
17
17.26
17.74
17.72
17.46
17.8
18.07
17.92
18.27
18.25
18.24
17.7
17.72
17.82
17.84
18.32
18.62
19.42
19.4
19.1
19.4
19.77
19.92
19.75
19.7
20.03
20.15
19.33
18.88
19.38
18.99
19.17
18.59
18.36
17.96
17.43
17.08
17.01
16.69
16.79
16.83
17.15
17.55
17.22
17.34
17.09
17.8
17.65
17.65
17.6
18
18.22
18.83
18.18
18.28
18.25
18.16
18
17.79
18.19
18.27
18.83
18.21
18.23
18.47
18.71
18.66
18.77
18.76
18.74
19.02
18.94
19.33
19.64
19.51
19.21
18.94
18.56
18.21
18.56
18.63
19
18.77
18.41
18.88
18.83
18.26
17.87
17.58
17.83
17.91
17.98
18.22
18.12
17.92
18.15
18.03
18.18
18.08
18.21
18.06
18.05
18.4
18.21
18.14
18.32
18.65
18.57
18.52
19.05
19.36
19.48
19.96
19.87
20.08
21.29
20.94
20.71
20.79
20.6
20.73
20.08
19.4
19.27
19.56
19.43
19.29
19.3
19.86
19.89
19.45
19.63
18.86
19
19.45
19.42
19.48
19.1
18.93
18.97
19.24
19.14
19.26
19.71
20.24
19.54
19.39
19.41
18.82
18.83
19.01
19.14
18.5
18.64
18.96
18.01
18.04
17.94
17.7
17.91
17.87
17.57
17.08
16.98
17.12
16.89
16.8
16.98
17.34
17.2
17.04
17.09
17.04
16.35
16.01
15.86
15.77
15.29
15.48
15.33
15.47
15.33
15.07
15.08
14.81
14.75
14.89
15.38
14.95
14.67
14.35
14.26
14.79
15.74
15.64
16.28
15.59
15.28
14.87
14.56
14.83
15.05
14.77
14.6
14.35
14.04
14.05
13.5
13.5
13.46
14.02
13.91
13.26
13.08
13.35
13.38
13.53
13.37
13.18
13.09
13.18
12.85
12.24
12.36
12.41
12.3
12.25
11.74
11.05
12.21
12.41
12.35
14.53
14.02
14.41
15.18
14.92
14.35
13.87
13.72
13.38
13.63
13.13
12.82
12.79
13.23
13.15
13.31
13.68
14.06
13.82
13.95
13.71
13.42
13.32
13.65
13.88
14.09
13.79
14.6
14.13
13.91
13.81
13.94
14.41
14.75
14.15
14.29
14.33
14.72
14.87
14.58
14.29
14.33
14.27
14.78
14.71
14.03
13.66
13.62
13.23
13.71
13.95
13.56
12.76
12.23
12.12
11.62
10.77
10.77
11.3
10.88
10.89
11.23
12.09
12.5
11.94
12.04
11.83
11.84
11.93
11.95
11.79
11.7
11.66
11.71
11.61
11.61
11.56
11.83
11.79
12.65
12.38
12.11
12.01
12.21
12.23
12.05
12.53
12.74
12.6
12.55
12.63
12.04
12.03
12.32
12.08
12.05
11.62
11.16
11.24
11.48
11.46
11.93
11.87
11.99
12.21
12.02
12.15
12.43
12.24
11.9
12.06
12.11
12.05
12.54
12.96
12.51
12.53
12.53
12.82
12.66
12.47
12.61
12.65
12.97
13.92
14.31
14.36
14.67
14.84
14.55
14.41
14.38
14.71
14.46
14.21
14.1
13.98
13.88
13.23
12.87
13.18
12.73
12.26
11.98
12.11
11.6
11.29
11.94
11.68
12.18
12.74
12.46
12.26
12.31
12
12.43
11.93
11.88
11.73
11.51
11.15
11.18
11.45
11.56
11.46
11.1
10.62
10.25
10.45
10.4
10.54
10.58
10.51
10.41
10.77
9.91
9.87
9.71
10.05
9.73
9.7
9.68
9.46
9.1
9.26
9.45
9.57
10.87
9.92
9.62
9.45
9.83
9.91
9.91
10.23
10.45
10.54
10.94
10.3
10.67
11.08
11.7
12.07
11.78
10.9
11.1
10.97
10.81
11.19
10.85
11.14
11.23
11.21
10.84
11.03
11.14
11.34
10.81
10.39
10.78
10.42
10.18
9.97
9.77
9.88
9.82
9.97
9.98
10.09
9.93
10.29
10.24
10.58
10.64
10.84
10.58
10.52
10.41
10.81
11.2
11.02
11.49
11.25
11.46
11.86
12.3
12.17
12.11
12.95
13.35
13.15
13.37
13.64
13.37
13.5
13.97
14.34
14.5
15.02
14.6
14.53
14.14
13.72
14.11
14.23
14.68
14.45
14.82
15.34
16.01
16.04
15.96
16.29
16.07
15.63
15.91
16.38
16.53
16.45
16.98
16.85
16.44
15.66
15.72
15.23
14.74
15.21
15.18
14.98
14.43
14.42
14.44
14.49
14.83
14.71
15.18
15.04
14.75
14.22
14.28
14.26
15.21
15.98
16.25
16.19
15.99
16.25
16.05
16.33
16.29
16
15.93
15.64
15.91
16.04
16.28
16.27
16.27
16.38
16.97
17.25
17.55
18.47
18.36
18.74
18.9
18.94
19.49
19.48
18.9
19.42
19.75
19.33
18.62
19.01
19.69
19.73
19.46
19.65
19.97
19.97
19.21
19.32
19.38
19.64
19.66
19.34
20.18
20.58
20.32
20.61
20.68
20.61
20.69
20.92
21.11
20.96
20.48
19.71
19.8
20.32
21.08
21.1
20.66
20.74
21.14
21.71
21.96
22.51
22.36
22.98
23.18
23.25
23.06
22.93
22.85
22.68
22.49
23.41
23.66
23.6
23.24
23.46
22.98
22.98
23.3
22.64
23.07
22.33
20.78
20.84
21.89
22.26
22.28
21.65
22.26
21.59
21.02
21.68
22.38
22.45
22.14
22.18
21.22
21.11
21.32
21.98
22.38
22.64
22.8
23.62
24.44
25.42
24.96
25.39
25.93
24.88
24.98
25.02
25.14
25.86
25.66
25.77
25.94
25.85
25.67
25.2
24.2
25.52
26.17
26.46
26.1
25.45
25.85
24.86
24.31
24.88
25.68
26.09
26.22
25.98
25.51
25.04
25.11
25.63
24.93
23.95
23.72
23.55
23.35
22.77
23.93
24.62
24.9
25.5
25.99
26.31
26.17
26.26
27.18
27.02
27.24
27.18
26.91
26.59
27.08
27.35
27.15
27.6
27.48
27.94
27.61
27.44
27.32
27.82
28.03
28.12
28.11
27.54
27.26
26.93
27.22
27.92
28.21
28.53
28.7
29.01
29.78
30.12
29.83
30.08
31.93
31.41
29.11
28.97
29.25
28.83
28.03
27.97
27.87
25.59
24.93
25.77
25.32
25.74
25.16
24.8
23.77
23.94
23.98
24.62
23.26
22.98
22.9
22.63
21.08
21.05
21.4
22.65
22.13
22.2
22.67
23.5
23.57
23.36
22.9
23.07
23.79
24.73
25.13
25.06
24.93
26.03
26.69
26.59
27.22
27.98
28.26
28.78
28.4
28.9
29.01
28.45
28.12
28.97
29.62
30.09
29.89
29.64
29.69
29.35
28.27
28.42
28.32
29.34
29
30.1
30.4
30.12
29.77
28.68
27.69
28.86
30.71
30.61
31.02
30.9
30.47
31.15
31.05
31.58
32.15
30.73
30.35
30.67
30.62
30.58
29.83
30.27
31.15
30.82
28.44
28.46
28.33
27.85
26.68
26.84
25.78
25.92
25.6
25.96
25.3
25.24
26.8
27.04
28.01
27.56
27.58
28.13
28.98
29.44
29.24
30
29.66
30.71
30.76
31.34
30.18
32.38
31.67
33.26
33.29
34.03
34.13
35.08
35.09
36.02
35.72
36.7
37.43
36.27
36.87
33.3
31.08
31.35
33.68
34.55
33.48
33.67
32.18
31.59
30.01
29.94
29.78
28.91
28.42
29.65
30.64
30.07
29.19
29.62
29.99
30.95
31.25
33.45
33.5
32.03
30.38
30.98
31.29
30.16
30.98
31.81
31.17
31.48
31.31
31.09
30.15
31.62
30.81
30.81
31
31.59
31.3
31.79
32.26
32.5
33.05
33.82
34.16
33.09
34.23
33.33
33.11
33.29
33.35
33.47
32.59
32.45
32.53
31.59
30.37
28.88
27.47
27.85
26.85
27.28
26.81
26.84
24.32
24.44
25.11
24.36
23.29
22.4
22.23
22.58
22.29
22.58
23.43
23.44
24.57
24.77
24.75
24.13
24.98
25.6
25.63
26.03
25.52
24.27
24.74
26.29
27.69
27.02
27.04
26.94
27.04
26.95
26.32
26.59
27.17
28.9
29.25
29.1
29.54
30.68
29.53
29.32
28
27.89
26.33
26.61
27.05
26.45
26.1
25.75
26.12
25.84
25.28
25.16
24.76
25.28
25.98
25.59
25.91
26.37
25.78
25.34
24.8
24.31
23.37
23.84
23.19
23.63
23.21
23.45
23.94
24.01
24.41
24.5
23.77
23.5
23.31
23.47
24.35
24.87
24.02
24.37
25.64
26.08
27.12
26.8
26.8
26.99
26.11
25.86
25.57
25.42
25.76
25.49
26.71
26.85
27.21
27.31
26.82
27.46
27.59
27.71
27.45
27.46
28.27
27.97
27.77
27.88
28.19
28.57
29.3
29.8
29.72
29.51
28.85
28.69
29.11
28.92
28.55
28.86
28.95
29.25
28.73
28.55
28.88
29.57
29.03
29.13
28.5
28.13
27.61
26.68
26.24
26.7
26.86
27.36
27.66
26.25
25.68
26.21
25.73
25.56
25.97
25.69
26.55
25.59
24.69
24.44
23.62
24.02
23.58
23.9
23.1
23.35
23.43
24.44
24.37
24.9
24.94
24.82
24.46
24.35
24.23
25.49
25.6
25.39
25.94
25.61
25.28
25.78
25.88
25.71
25.61
25.18
24.68
24.35
25.36
25.71
25.66
26.33
26.22
26.46
26.67
26.7
26.8
26.52
26.27
26.27
26.61
27.54
27.59
29.12
28.24
28.2
29.22
28.32
27.54
25.44
25.57
25.17
20.63
20.13
20.67
21.47
21.87
21.22
21.29
20.63
20.94
21.46
20.91
20.65
21.02
21.38
20.57
20.36
20.47
19.47
19.21
19.91
20.38
20.56
20.37
20.67
20.31
20.55
20.41
19.63
19.39
18.63
18.78
18.64
18.86
19.54
20.72
19.48
20.47
18.78
16.51
16.86
16.55
18.82
18.44
19.65
19.4
18.66
19.09
18.81
18.54
18.92
20
19.28
19.27
18.57
17.81
18.03
17.61
18.13
17.8
18.54
18.58
18.51
19.03
18.87
18.73
18.65
18.87
19.77
19.35
20.13
20.47
21.2
21.08
21.03
20.21
19.71
20.08
18.89
18.86
18.5
18.2
18.17
18.32
18.7
18.89
18.91
19.04
19.74
19.26
18.71
19.07
19.7
20.26
19.9
19.97
19.42
20.01
20.08
21.75
21.41
20.97
20.76
20.12
20.18
19.44
20.21
20.14
19.78
19.95
20.73
20.73
21.83
21.59
22.25
22.11
23.1
22.32
23.14
22.7
23.6
23.76
23.9
23.8
24.51
24.78
24.25
24.83
24.75
24.6
25.13
25.34
25.34
26.06
26.97
26.72
26.97
25.39
26.36
25.48
25.13
24.22
23.25
23.39
24.03
25.26
25.9
25.86
25.96
26.26
26.2
26.47
26.32
26.85
26.98
26.67
25.73
25.8
25.53
26.09
26.09
26.89
26.3
27.12
27.17
25.71
25.45
25.97
24.99
24.32
24.01
23.76
23.52
24.71
24.18
23.72
23.87
23.19
22.79
22.99
22.83
22.37
23.09
23.72
23.97
24.69
24.64
24.85
24.42
24.14
24.99
25.32
24.75
25.39
25.33
25.65
25.64
25.59
25.51
25.75
25.08
24.9
25.82
25.83
26.11
26.16
25.94
26.19
26.72
26.37
25.7
25.65
25.43
25.36
25.1
25.2
25.95
26.28
25.79
25.17
25.2
25.69
25.7
25.51
25.49
25.63
26.11
26.47
26.66
27.33
27.44
27.63
27.53
27.81
27.51
27.56
27.89
27.54
27.11
27.56
27.45
26.58
27.31
27.54
28.36
28.67
28.92
28.68
27.76
28.53
28.38
27.76
28.41
28.45
28.61
29.36
29.47
29.11
28.93
29
29.11
29.42
29.14
28.46
28.32
28.38
28.28
28.29
27.7
28.18
28.56
28.66
28.61
28.22
28.2
27.01
26.69
26.68
26.78
25.96
25.44
25.71
25.29
25.51
25.78
25.21
24.66
23.73
24.36
23.54
23.86
24.01
22.96
22.82
23.33
23.41
24.05
24.05
24.52
24.79
24.85
24.56
25.11
25.7
25.74
25.73
26.09
25.99
26.07
25.67
26.06
26.35
26.85
27.29
27.64
28.73
29.25
29.95
30.26
29.59
30.61
30.93
31.49
32.02
30.12
30.32
31.43
31.43
30.78
29.3
30.26
30.07
30.46
31.36
31.73
32.29
31.57
32.23
31.72
32.07
31.4
31.62
31.02
30.73
31.26
31.42
31.57
30.95
31.13
31.77
31.81
32.23
32.47
32.51
32.46
33.23
33.26
33.06
33.26
33.16
32.76
32.76
33.41
33.64
33.46
34.09
34
33.4
34.37
33.92
34.39
34.47
34.94
34.06
34.16
33.98
31.48
30.35
28.55
28.4
28
25.59
26.54
27.28
25.98
27.29
27.66
28.05
27.94
26.29
26.75
25.62
25.27
24.88
25.11
25.16
24.39
24.72
24.74
24.86
25.36
25.76
25.76
25.72
24.56
24.06
24.29
23.42
23.23
23.6
23.79
23.73
23.59
23.91
24.01
24.48
25.55
25.69
25.45
25.98
26.77
27.18
27.23
26.69
27.58
27.32
27.14
26.78
26.55
26.48
26.39
26.58
27.56
27.99
27.49
28.16
28.38
28.62
28.44
28.97
28.48
27.39
27.5
27.14
26.43
26.21
27.13
27.13
26.96
27.34
27.06
27.45
28.88
28.33
28.2
28.63
27.97
27.23
27.95
28.21
29.37
29.36
28.52
28.87
28.51
28.59
29.2
28.01
28.4
27.67
27.73
28.3
27.71
28.27
28.31
28.68
29.63
29.91
30.37
30.01
30.06
30.59
30.05
30.13
29.66
28.96
29.18
29.88
29.18
29.28
29.95
30.22
29.98
30.08
30.05
30.1
30.38
29.64
28.08
27.89
27.49
27.72
28.47
27.64
27.76
27.48
26.52
26.38
26.28
25.76
25.56
25.51
25.82
25.74
26.81
27.04
27.02
27.77
28.09
27.98
28.9
29.14
29.75
29.35
28.96
30.21
31.13
31
31.45
31.23
31.05
30.27
29.78
29.61
29.25
29.63
30.01
29.38
28.99
28.56
27.47
27.88
27.78
27.32
27.9
28.52
28.73
28.82
28.88
28.58
29.01
29.78
28.98
29.26
30.13
29.88
29.79
27.99
27.62
28.23
28.9
28.95
28.17
29.1
29.26
29.25
28.87
30.52
30.27
30.02
29.79
30.24
30.89
30.64
31.01
30.79
31.03
28.78
28.3
29.45
29.17
30.1
30.3
29.55
32.3
31.2
30.99
31.11
31.91
31.41
32.55
31.84
31.43
31.26
31.67
32.26
31.95
31.42
32.08
31.15
31.05
30.77
29.47
29.53
30.3
30.07
29.63
29.02
29.26
29.1
30.06
30.33
30.17
30.96
31.08
31.43
31.57
31.63
31.22
31.89
31.6
32.46
32.45
32.94
33.34
34.15
33.32
33.45
34.4
34.27
33.72
32.83
33.22
32.76
34.39
34.72
34.95
34.43
34.33
33.57
34.4
34.14
33.32
32.51
32.04
33.04
32.29
32.59
31.19
31.17
31.48
33.07
33.98
34.03
34.51
34.15
33.54
33.72
33.85
34.71
33.56
33.23
33.24
33.78
34.18
34.11
35.02
34.66
35.23
34.97
36.07
36.58
37.05
37.25
35.83
36.97
37.95
38.3
39.04
38.88
38.43
38.35
38.89
37.6
39.22
38.46
38.05
37.03
37
37
39.05
37.99
36.26
35.97
35.57
35.47
34.69
35.75
35.23
35.22
34.66
34.56
35.58
35.43
34.82
34.95
34.81
34.71
34.25
33.24
32.61
33.22
35.58
35.36
35.73
36.47
35.62
37.13
37.58
37.73
36.68
37.51
38.41
38.49
39.07
38.96
38.48
39.16
39.59
39.75
40.09
41.08
40.93
41.47
41.35
41.82
41.75
42.49
42.63
43.21
42.5
42.45
43.5
44.13
44.35
44.05
44.12
44.84
45.46
44.39
42.99
42.39
40.65
40.72
40.78
39.8
40.96
42.39
41.07
40.4
40.19
39.91
41.45
41.03
40.63
41.34
42.03
40.68
43.08
43.6
44.56
45.66
46.53
46.13
46.87
47.52
46.54
47.76
46.86
46.99
47.1
47.95
48.98
49.41
50.75
51.28
50.42
51.31
51.02
49.16
49.21
50.78
51.06
52.28
51.68
52.04
49.99
48.88
48.16
46.84
46.25
46.14
45.32
44.37
44.78
43.27
42.57
42.22
41.33
39.32
40.48
40.27
40.8
42.29
42.26
43.03
42.62
43.12
42.87
44.05
44.23
41.19
38.49
38.57
38.43
37.11
36.9
38.33
37.24
36.77
37.03
41.53
41.49
43.06
42.67
42.76
40.44
40.29
39.6
39.6
40.24
38.93
39.8
40.38
40.75
41
43.25
43.28
44.71
43.45
43.75
45.76
45.26
45.1
45.18
45.16
44.06
45.88
45.74
46.14
45.94
46.51
44.75
44.51
45.12
44.17
43.13
43.26
42.7
42.79
42.49
44.04
44.41
44.51
44.91
45.42
45.42
45.86
46.09
47.6
48.16
49.24
50.05
50.13
50.47
51.05
52.89
52.1
51.87
53.29
54.11
53.04
53.15
53.68
53.97
54.61
56.03
55.97
55.79
55.39
51.52
52.35
51.75
51.42
50.63
53.22
54.14
55.92
54.53
54.08
52.57
51.83
51.21
51.53
49.67
50.21
49.52
48.58
50.79
51.53
51.73
53.51
53.1
52.47
51.29
50.74
50.61
50.89
49.48
50.36
49.81
49.7
49.71
50.61
48.91
47.4
46.85
46.42
47.31
47.35
46.92
46.91
47.28
47.29
49.24
49.71
49.42
49.33
49.3
50.46
51.3
51.9
52.61
51.62
51.92
51.36
51.98
52
53.52
54.12
54.3
56.92
57.1
57.36
56.06
57.03
57.21
58.5
57.75
55.42
55.36
56.41
57.13
57.86
58.38
57.55
59
56.1
58.95
58.33
56.79
56.98
56.25
56.75
56.39
55.59
56.98
57.51
58.58
58.34
58.28
59.77
60.56
60.13
60.04
60.62
60.73
62.56
62.79
63.77
65.9
67.26
66.68
65.1
63.41
61.75
64.21
65.87
65.16
65.25
65.88
66.23
64.77
66.15
66.8
66.79
65.95
64.16
64.16
63.6
61.66
62.62
60.69
61.31
61.7
61.9
60.48
64.04
62.98
64.31
64.64
62.17
61.73
62.56
62.81
62.02
61.7
61.64
59.17
59.33
57.2
57.29
57.01
58.1
59.91
59.48
58.45
59.81
58.85
58.13
57.04
56.94
57.64
58.72
58.56
58.1
59.47
58.47
56.69
58.53
59.55
60.48
58.19
57.89
57.71
55.85
54.3
54.1
54.45
53.68
53.8
52.84
53.36
54.21
53.73
53.41
53.15
52.91
53.24
53.25
53.65
54.91
56.05
55.68
55.17
56.26
57.18
57.23
59.16
59.59
59.67
58.11
56.09
56.08
56.05
57.3
56.28
56.54
56.91
57.72
58.34
61.51
61.25
61.68
62.43
62.51
62.32
61.54
62.95
61.58
62.34
63.22
63.6
63.64
64.92
64.56
63.82
62.61
62.93
64.95
65.14
63.19
65.64
63.49
62.54
63.32
61.64
60.82
60.7
59.66
59.16
58.27
57.67
56.78
58.34
60.05
59.35
58.71
58.71
60.13
59.44
59.78
61.12
62.27
62.69
61.41
59.79
58.42
58.82
59.04
60.99
62.39
63.12
62.07
63.54
62.3
59.96
61.23
61.76
62.78
62.59
64.31
64.88
65.95
66.06
67.28
65.93
66.74
67.58
67.11
68.2
68.52
69.54
69.39
70.97
72.69
72.57
73.94
73.96
72.86
73.46
71.79
72.15
73.37
74.45
73.73
71.84
71.22
68.26
70.6
69.83
72.2
71.3
68.69
68.66
67.52
67.39
66.93
66.52
68.97
68.45
68.51
69.88
69.16
69.82
67.57
68.77
68.42
69.13
68.25
67.17
65.76
69.13
68.62
65.67
65.52
66.04
65.01
66.4
67.57
68.17
69.6
69.91
69.85
71.26
71.76
73.02
73.2
73.94
73.17
72.88
73.12
74.14
72.39
73.14
73.04
75.23
76.13
75.12
75.32
71.62
72.56
72.96
72.09
72.49
73.76
75.36
73.95
74.75
76.39
77.63
76.28
76.53
77.82
77.93
78.26
75.69
75.19
73.78
73.57
72.67
70.42
71.3
72.42
72.06
71.12
71.4
72.58
69.44
67.01
67.15
67.66
70.49
68.62
65.94
65.41
64.52
64.3
62.41
62.23
61.28
60.75
60.23
61.47
62.52
59.09
59.27
58.81
57.89
58.53
57.6
60.68
59.09
58.8
56.28
55.82
57.93
56.9
59.25
57.8
57.75
57.87
58.97
58.22
60.13
58.51
57.74
57.94
56.56
56.56
58.79
58.76
57.99
57.08
56.13
56.37
56.26
56.55
57.02
56.99
57.18
59.72
59.18
56.88
57.9
57.97
59.5
57.01
57.38
59.53
58.66
59.7
60.72
60.52
61.22
62.13
64.36
64.74
63.97
63.65
63.7
63.17
63.67
62.59
62.58
61.89
62.85
62.91
62.81
62.19
63.13
62.13
61.92
60.7
59.41
58.96
58.49
56.63
54.58
52.82
52.82
52.38
52.11
51.68
49.95
51.28
51.19
50.83
52.29
54.34
53.93
55.11
55.67
55.29
54.71
54.69
56.52
56.74
56.93
58.67
58.04
58.35
57.24
57.21
55.52
56.12
55.05
54.25
56.78
55.91
57.74
58.62
60.38
60.34
60.28
59.39
61.18
61.92
59.78
59.68
61.13
60.9
60.25
60.59
61.52
60.89
60.4
60.93
60.49
60.11
60.18
61.57
63.1
64.43
64.25
66.15
67.19
68.47
68.94
68
68.09
69.15
67.64
68.6
67.79
68.78
67.1
66.34
65.09
66.17
66.34
66.8
67.94
67.44
67.51
67.28
67.23
67.4
65.57
64.85
65.14
62.7
63.55
63.5
64.63
65.18
65.86
66.74
66.83
69.08
69.26
69.51
70.05
71.01
71.96
70.72
69.31
67.64
68.18
68.65
70.9
71.36
71.5
72.36
70.04
68.85
68.56
69.24
71.18
71.63
72.33
72.17
70.55
71.81
72.04
71.36
71.41
71.84
71.96
72.22
72.9
74.26
75.4
76.58
77.1
77.88
77.44
78.24
78.12
78.17
77.59
78
78.37
79.09
78.36
75.88
75.21
77.28
76.58
76.07
77.01
77.11
76.14
75.36
72.69
70.42
70.73
70.08
69.57
71.3
69.29
71.3
68.77
69.8
68.37
67.88
67.73
68.73
69.49
68.85
69.66
70.48
71.46
72.29
74.22
74.72
76.21
75.08
74.97
76.23
77.15
77.84
78.27
77.99
77
78.47
78.48
78.91
77.87
76.82
76.21
78.88
80.97
78.33
76.87
77.8
77.84
79.05
76.94
77.82
77.85
80.83
80.82
82.5
84.43
85.24
85.03
84.25
82.72
82.31
83.47
85.4
84.71
89.87
89.87
89.87
90.36
92.11
92.16
93.99
94.85
94.4
92.32
91.56
89.09
90.73
90.32
91.99
91.59
94.13
94.97
95.33
94.88
93.23
91.64
92.34
88.71
87.85
89.97
90.7
88.46
88.46
87.33
87.77
91.69
92.57
91.86
90.32
90.71
90.98
91.06
91.03
91.59
95.66
95.92
93.68
97.01
98.45
96.87
94.19
96.37
96.76
92.8
91.86
92.58
90.87
88.1
88.96
89.66
88.11
87.06
87.69
90.96
90.91
92.49
92.46
91.58
91.41
91.09
89.6
88.73
88.55
91.45
93.93
94.28
93.82
95.92
96.96
97.03
97.88
97.52
96.07
97.43
99.05
98.28
99.83
100.9
101.83
98.6
100.95
103.47
104.66
105.33
106.78
107.99
109.18
109.16
104.41
105.35
102.65
99.78
100.93
99.91
102.83
103.89
102.68
102.33
98.69
98.85
102.31
102.21
105.98
105.05
107.46
107.37
107.15
108.32
110.84
110.95
111.34
110.67
111.35
113.54
115.34
114.85
116.62
115.7
113.86
111.12
107.3
111.92
115.68
119.88
120.27
119.85
123.54
122.89
123.11
121.18
122.76
122.98
122.19
124.12
127.28
129.04
129.72
128.92
128.93
129.33
127.85
128.5
126.28
121.72
122.36
132.81
134.43
135.24
134.52
132.11
134.29
133.9
131.27
129.12
131.84
134.28
134.54
135.37
131.59
136.82
139.38
138.4
140.67
141.24
143.95
139.62
134.15
133.91
135.81
143.68
142.43
136.02
133.31
134.16
129.34
129.34
127.18
126.86
125.43
124.7
125.67
125.77
122.46
124.1
124.16
121.87
116.5
114.47
116.94
113.03
110.54
108.98
110.68
111.82
108.8
109.33
109.02
108.72
117.24
113.99
109.74
112.2
113.05
113.54
113.49
104.94
103.88
103.41
102.51
101.08
98.94
96
96.01
94.37
90.45
85.85
86.09
90.89
93.46
100.43
100.72
102.09
100.45
100.88
95.96
93.52
92.19
88.88
88.95
84.71
83.17
80.77
81.65
74.58
74.37
74.98
66.86
64.14
66.05
67.45
65.99
62.95
65.06
60.57
59.34
58.87
64
60.86
60
60.32
62.78
61.09
56.14
56.84
57.08
54.76
52.47
51.32
50.7
50.82
49.1
48.35
45.79
44.91
49.51
47.51
49.39
47.72
47.58
45.64
44.39
43.83
37.04
40.02
39.77
39.34
43.54
42.38
45.02
42
41.84
40.19
39.52
38.08
35.27
34.45
33.73
34.16
35.22
35.82
42.94
45.84
48.89
46.23
42.94
42.34
40.86
43.05
42.27
42.32
43.42
41.22
39.9
42.42
43.13
48
42.86
42.86
43.13
44.17
42.96
43.15
43.68
43.92
44.49
47.23
45.88
44.24
47.23
43.36
39.69
39.41
42.36
42.19
41.27
40.18
42.37
45.15
44.41
42.6
42.72
46.07
44.45
43.48
44.55
44.99
43.2
42.19
44.97
44.12
45.53
45.22
48.03
49.27
51.84
51.32
51.46
51.89
50.81
49.05
46.13
45.92
50.89
50.48
50.91
50.62
52.06
52.33
50.73
52.06
51.31
51.83
52.02
49.06
48.69
48.5
48.29
50.29
48.67
48.64
50.22
50.3
51.75
53.26
53.16
55.07
56.63
56.02
55.99
56.52
56.84
56.25
56.33
56.51
57.12
59.1
58.02
58.7
59.05
61.28
63.47
64.98
66.6
67.67
66.15
67.68
67.77
67.61
68.94
70.52
71.71
70.62
68.49
70.52
68.95
69.96
70.48
66.13
66.36
68.47
68.82
68.1
69.75
68.11
68.52
65.74
63.12
61.54
59.71
59.17
58.43
58.25
60.48
61.25
62.02
63.54
64.64
65.93
65.36
68.06
68.82
69.78
68.53
65.79
68.82
70.08
72.9
73.82
74.39
74.61
74.21
73.79
71.58
74.03
73.76
71.33
68.65
68.66
72.81
73.75
73.71
74.34
73.1
70.74
70.68
72.8
69.02
68.78
67.6
66.78
65.84
69.2
69.76
68.96
68.76
66.91
66.53
68.51
71.56
70.72
68.11
69.65
67.43
64.99
64.6
65.43
64.63
65.82
67.12
66.5
65.26
68.51
67.65
68.47
69.45
70.75
70.81
72.16
73.14
74.58
75.86
76.51
77.74
78.36
77.72
76.45
76.69
75.11
77.18
74.91
75.56
75.68
78.21
78.02
75.51
77.18
77.07
76.99
75.18
74.81
77.14
77.36
78.64
76.45
75.61
78.14
75.35
76.57
76
77.77
78.68
76.96
77.76
77.74
76.18
74.93
73.63
70.91
70.07
71.19
71.33
73.34
71.28
71.87
72.74
71.64
73.87
75.15
76.59
76.65
77.62
77.91
79.05
79.27
80.14
80.57
80.06
80.14
79.38
77.57
77.61
76.85
75.18
75.09
74.13
72.73
72.18
72.63
72.75
70.65
71.2
71.58
73.94
75.77
71.3
70.11
69.62
70.4
70.4
72.35
71.49
74.82
74.89
76.61
76.88
76.95
76.44
77
74.38
76.36
76.07
77.5
78.66
77.88
79.2
78.94
78.77
80.29
79.44
79.38
77.08
79.45
80.28
80.09
78.37
78.09
79.17
78.03
78.64
77.98
79.89
79.46
80.37
82.63
84.48
85.05
84.49
82.63
82.77
85.21
83.44
85.81
86.9
84.81
83.09
84.73
84.55
84.58
86.09
86.72
85.59
84.59
86.82
86.19
88.09
85.39
82.31
80.21
76.48
78.08
79
78.7
79.41
76.43
73.87
75.12
71.86
69.56
70.45
69.62
67.18
70.59
73.56
73
73.08
72.78
73.12
71.84
71.09
71.43
73.68
74.33
73.28
75.11
75.29
76.12
77.52
77.05
78.53
78.08
75.22
75.17
76.21
76.66
74.21
74.94
71.73
71.75
73.08
72.97
74.56
75.2
74.35
76.45
76.63
75.52
75.55
76.29
76.31
75.75
77.59
77.27
77.9
75.52
76.66
78.6
77.5
81.93
83.6
83.76
82.9
81.28
81.54
79.89
77.83
76.63
75.14
74.56
76.74
75.1
74.84
73.48
73.08
70.61
70.74
74.5
75.16
76.05
75.51
75.53
74.93
75.03
75.78
77.48
77.87
77.54
78.52
78.89
78.46
78.89
77.43
79.42
78.76
77.29
77.69
78.73
77.71
79.14
78.79
80.77
82.69
83.42
83.35
85.01
83.67
83.88
83.08
82.99
84.01
83.55
81.94
82.3
81.12
81.68
81.28
80.75
81.91
82.62
81.27
82.97
82.47
84.06
84.71
85.33
86.83
87.05
87.15
87.93
87.92
88.08
86.07
85.49
83.98
83.36
83.7
83.17
82.34
82.37
84.53
84.78
85.9
86.02
88.56
89.37
90.65
91.25
90.78
89.74
89.93
89.54
90.4
90.63
91.33
91.09
91.11
91.31
93.11
93.55
93.63
93.08
93.52
93.52
92.5
93.23
95.82
93.52
95.07
94.95
94.25
95.05
96.8
97.86
97.86
97.86
97.83
98.42
96.27
96.84
96.76
96.76
96.04
96.48
97.06
98.97
100.4
101.3
101.69
99.43
99.44
99.25
100.16
100.74
99.93
103.12
102.48
102.78
103.45
102.2
106.82
109.77
113.91
111.47
112.27
113.34
116.89
114.42
115.71
116.58
112.32
115.19
114.07
114.07
112.95
111.11
110.96
114.18
114.13
114.92
115.63
115.65
115.41
115.45
115.95
115.58
115.35
116.94
118.63
120.07
122.87
123.01
122.9
126.3
126.46
121.33
122.7
122.74
124.63
121.69
121.35
124.26
123.64
124.55
124.94
126.59
126.64
124.01
121.55
111.93
113.69
113.21
117.82
115.66
112.87
113.08
113.72
109.39
112.54
113.2
111.25
110.13
112.52
114.47
115.06
114.85
117.18
116.15
114.3
115.09
115.4
116.14
118.43
119.95
118.71
120.49
120.35
114.67
114.69
113.74
112.21
112.02
113.59
108.27
104.79
104.57
107.57
111.49
111.71
109.82
113.21
113.55
117.4
117.4
117.35
117.36
118.46
117.38
118.06
117.05
118.18
118.52
118.25
118.99
118.27
118.14
117.99
118.16
115.93
116.37
116.02
113.74
110.22
106.92
103.06
103.63
103.84
107.82
108.17
108.89
109.69
111.37
108.36
109.37
108.83
110.35
111.91
111.91
112.29
115.59
116.48
116.43
115.92
113.29
117.5
117.99
115.1
114.75
114.08
113.1
116.71
116.26
112.89
114.39
114.26
109.21
109.17
107.9
109.54
108.52
107.08
105.42
103.61
101.84
103.77
104.38
106.56
109.49
109.22
112.44
112.45
114.33
112.92
112.08
111.76
109
111.6
111.67
112.11
110.43
112.45
110.01
108.43
106.97
110.82
110.76
112.22
114.75
115.61
115.29
113.32
114.43
112.57
111.9
111.91
109.25
107.82
105.98
107.77
106.83
106.08
109.38
111.25
111.22
108.83
109.59
110.18
110.16
110.07
108.23
107.91
107.82
109.25
105.72
104.52
104
104.55
107.8
108
108.98
109.28
107.54
106.89
108.09
111.12
113.37
113.59
111.96
111.07
113.3
111.66
112.97
109.88
110.55
109.81
109.54
108.5
109.46
108.38
108.48
109.08
110.5
110.24
110.26
111.96
110.96
112.56
115.47
116.86
117.18
118.4
118.13
118.73
118.3
120.25
121
120.69
120.85
123.07
124.53
124.89
126.46
124.02
122.23
125.76
125.93
126.68
125.03
125.37
127.96
128.08
127.27
128.14
126.98
123.63
125.09
125.76
124.38
123.89
122.49
125.21
125.85
125.25
124.41
123.23
123.41
124.44
123.04
123.58
121.89
120.41
120.57
120.62
118.23
117.41
115.18
117
118.08
116.66
117.74
117.45
119.33
119.3
118.66
119.57
117.57
115.91
111.66
110.48
111.89
112.24
112.5
110.79
111.4
109.8
109.31
108.03
109.02
109.76
106.88
107.2
107.86
107.55
103.85
103.86
98.63
97.74
98.65
101.14
100.05
97.57
98.6
96.59
97.29
96.46
97.13
95.21
95.14
93.5
89.22
89.22
88.69
90.19
92.06
91.02
94.17
95.28
99.89
101.54
98.5
99.94
99.15
99.23
99.18
101.91
102.1
104.21
105.92
107.79
106.98
103.91
103.57
102.35
104.77
106.3
106.54
105.93
106.78
107.55
109.57
110.01
112.39
113.42
113.52
113.13
114.48
113.9
115.51
116.12
115.2
115.5
116.03
115.77
117.45
115.76
113.74
112.62
112.53
112.28
113.93
114.98
113.32
114.5
113.64
113.84
114.86
114.86
116
117.48
116.7
113.29
108.49
109.41
111.27
109.2
110.77
108.99
111.45
111.36
112.58
112.49
109.32
110.48
112.17
112.6
114.32
116.11
116.18
115.17
115
115
113.49
112.58
111.89
109.62
107.53
107.66
107.64
108.9
109.33
109.4
109.89
108.84
106.79
105.59
109.27
108.21
107.23
108.61
110.23
108.82
109.66
110.07
106.81
110.06
110.01
110.81
110.14
110.18
109.33
108.26
110.47
110.84
111.27
109.99
108.96
108.01
107.16
108.25
107.6
110.17
110.18
109.28
109.35
109.96
109.95
110.57
109.13
108.44
110.72
110.04
110.05
110.8
112.98
113.03
112.58
112.49
113.03
113.07
112.97
110.3
111.32
111.72
110.97
111.01
111.71
112.72
113.68
114.59
113.88
113.92
115.22
115.42
115.55
115.55
116.06
117.03
116.61
117.17
118.9
118.29
117.89
118.43
118.48
117.4
117.04
116.23
114.19
113.74
114.55
112.96
112.24
112.2
110.14
109.9
110.42
110.27
110.42
108.91
108.64
108.48
107.51
108.1
109.32
108.54
106.91
108.27
106.41
106.51
106.66
107.1
108.51
108.46
108.76
109.66
107.82
105.09
103.98
103.16
104.08
104.8
103.62
100.58
99.32
97.88
96.84
97.48
98.94
99.07
99.25
100.71
101.62
102.39
102.88
101.53
98.34
100.32
104.6
105
105.18
103.79
103.59
101.31
102.17
102.7
101.57
104.27
103.83
104.55
103.1
102.14
100.46
101.24
103.77
102.14
101.79
100.43
101.63
102.04
103.51
103.37
104.07
103.87
101.5
103.11
103.38
105.1
105.8
105.21
105.56
102.72
100.36
99.8
101.51
100.62
102.74
102.49
103.19
103.96
106.12
107.46
107.75
107.9
108.43
108.18
109.03
109.05
109.29
109.67
109.71
109.34
108.82
109.27
108.23
108.1
107.57
108.1
107.47
107.89
109.94
109.63
109.81
108.77
108.39
107.32
108.49
109.28
110.69
110.26
111.58
111.82
111.41
110.74
110.82
110.51
112.12
112.23
115.21
116.27
116.91
115.97
115.49
115.65
115.81
117.15
115.2
112.1
112.37
113.11
113.31
110.86
109.05
109.09
110.66
110.22
108.56
107.68
109.46
108.86
109.45
107.85
107.32
109.09
109.49
109.42
109.66
110.56
109.02
111.63
110.65
110.13
110.67
110.79
109.55
109.4
109.47
109.57
107.74
106.63
105.7
108.29
108.04
108.41
107.53
105.78
104.85
105.01
105.46
103.08
104.29
105.76
106.29
106.9
108.29
108.25
108.8
108.29
108.27
109.9
111.36
110.83
112.04
111.32
111.07
111.49
113.06
113.27
112.07
111.5
110.07
108.91
109.47
108.99
108.08
110.3
108.91
109.56
110.78
112.15
111.58
111.57
111.65
112.06
110.47
109.95
107.94
106.57
106.71
107.01
107.42
107.49
106.44
108.02
107.12
108.09
107.46
108.45
108.01
109.17
109.69
109.69
109.14
108.72
109.1
108.83
109.36
108.16
106.55
107.04
106.81
108.15
110.12
110.18
109.21
108.62
108.98
108.63
110.14
110.37
109.42
109.03
109.76
109.19
109.39
108.54
108.98
111.26
109.17
108.15
107.99
109.14
108.27
108.35
107.88
107.48
108.08
106.99
106.79
105.95
105.73
107.2
106.59
107.01
105.9
106.58
106.64
105.95
105.7
103.37
104.88
106.41
104.89
105.83
107.39
107.1
107.34
107.68
109.1
109.71
109.79
109.69
108.54
108.48
109.79
109.53
109.12
109.89
108.63
108.63
109.48
109.48
108.3
108.17
108.19
108.26
108.37
108.78
109.87
109.74
110.9
110.84
110.35
111.32
110.89
110.19
110.01
109.81
109.09
109.98
109.21
109.34
108.87
109.07
108.43
109.21
110.55
109.18
109.83
112.18
113.15
113.42
114.02
114.25
115.19
114.55
113.62
113.74
112.84
112.61
112.62
111.03
110.84
110.18
108.98
108.7
107.65
106.84
106.2
105.77
104.73
104.73
105.41
106.04
106.03
105.71
106.48
106.85
105.78
106.89
106.7
106.98
106.47
104.94
103.45
103.63
102.82
104.17
104.02
103.36
103.47
101.68
102.27
101.15
101.13
99.37
99.74
99.92
100.28
100.09
100.49
