TWI	gold
4851.44	3.17
4919.02	3.29
4968.85	3.46
4764.94	3.69
4459.37	4.14
4580.17	4.45
4429.25	4.6
4208.8	4.32
4067.79	4.03
3850.04	3.53
4458.17	3.92
4564.06	4.21
4500.55	4.11
4811.01	4.21
4813.53	4.23
4707.61	4.2
4646.69	4.11
4738.98	4.71
4588.14	5.5
4595.67	5.94
4547.32	7.39
4626.32	7.87
4850.8	7.67
4907.78	7.05
5057.32	7.82
4735.37	7.08
4493.99	7.22
4548.35	6.33
4432.46	6.16
4350.59	5.59
4476.17	5.8
4586.92	5.44
4477.01	6.07
4499.18	6.26
4530.4	7.23
4658.3	7.55
4233.54	6.97
4187.82	8.16
4244.18	8.6
4283.77	9.84
4349.52	9.6
4555.9	8.46
4740.45	8.14
4881.9	8.58
5002.58	8.86
4877.9	8.18
5151.85	8.66
5239.96	8.24
5287.38	7.73
5394.75	9.39
5390.51	9.44
5232.55	9.78
5488.74	10.19
5646.62	11.33
5650.83	11.73
5639.03	11.7
5645.28	11.58
5757.91	12.5
5650.11	10.87
5747.79	10.69
5869.88	10.9
6042.71	11.04
5918.14	11.47
6045.12	10.66
6056.83	11.05
6044.77	12.36
5830.06	13.24
5771.77	13.21
5900.05	13.8
5858.32	13.12
5759.23	12.46
5857.21	13.04
6041.56	13.43
6226.98	13.6
6269.71	11.46
6375.38	10.65
6353.35	10.72
6549.18	11.01
6665.54	10.46
6750.54	9.62
6943.68	9.81
6800.24	8.82
6815.09	9.48
6132.62	9.33
6545.54	10.79
6620.36	10.53
6818.2	9.55
6748.1	8.45
6117.81	8.09
6040.26	7.63
5777.32	7.79
5964.94	8.52
6137.26	8.8
5724.89	8.8
5735.07	8.33
5569.29	8.12
5802.55	8.58
5746.7	8.77
5777.72	9.25
5502.14	8.49
5373.85	7.89
5420.57	7.95
5399.16	8.04
5389.93	8.23
5622.86	8.77
5797.71	8.9
5761.14	9.25
5846.19	9.21
5818.39	9.18
5892.21	9.33
5945.35	9.71
6102.16	10.6
5820.82	9.84
5774.67	10.4
5705.93	10.53
5931.31	11.38
5917.16	12
6026.55	11.86
5778.65	12.74
5893.27	11.89
5911.63	11.33
6009.32	11.04
6019.42	11.13
6139.69	11.06
5935.99	9.86
5889.52	9.81
5879.93	11.28
6034.6	10.49
6115.43	11.98
6207.83	13.21
6193.62	13.17
6204.23	13.33
6043.95	12.28
6065.91	11.65
6028.75	12.39
6024.07	11.91
5888.37	10.68
5747.09	11.76
5818.07	11.51
5967.96	12.62
5981.48	11.38
5954.69	10.94
5991.55	12.23
6107.95	12.49
6192.35	12.77
6293.56	14.21
6340.69	13.84
6272.14	13.6
6201.4	13.09
6410.59	12.81
6380.73	13.27
6311.98	12.88
6446.01	13.68
6350.9	14.01
6158.94	13.66
6136.55	12.77
6116.05	13.53
6119.06	13.63
6031.24	14.94
5925.54	15.53
6118.61	15.22
6081.84	14.69
5969.07	14.34
5738.76	14.1
5632.97	13.68
5911.74	13.3
6075.26	14.43
6106.74	15.24
6128.2	15.78
6228.95	15.32
6264.36	15.58
6350.69	15.02
6512.63	15.57
6548.34	15.62
6694.82	16.94
6682.35	17.05
6486.63	16.99
6594.6	17.43
6594.92	16.56
6673.75	16.78
6538.22	17.41
6553.66	17.29
6490.68	15.88
6528.57	15.91
6376.62	16.6
6613.97	17.59
6781.94	19.26
6952.54	20.57
7093.05	22.75
7171.77	23.56
7370.44	24.89
7278.96	22.02
7074.15	19.37
6879.51	19.34
6959.64	19.57
6444.63	17.8
6575.77	17.69
6452.31	18.88
6704.41	20.33
6660.61	20.81
6428.03	21.69
6420.01	19.49
6480.07	21.69
6442.61	21.82
6571.1	21.28
6721.08	21.38
6526.22	21.82
6651.46	22.56
6693.11	21.6
6681.09	19.87
6885.6	19.26
6883.05	19.71
6997.24	19.73
7068.8	21.41
7039.37	20.87
7086.74	20.94
7161.61	21.85
7174.2	22.27
7259.54	21.06
7427.36	21.99
7613.57	22.3
7636.3	22.03
7538.82	22.23
7652.47	21.76
7823.72	22.71
7835.57	20.86
7761.71	21.12
7840.08	21.31
7821.32	22.29
7777.03	22.58
7859.53	22.61
7809.45	22.6
7670.77	21.19
7568.2	22.28
7719.8	22.37
7859.32	23.24
7884.41	23.25
8004.61	24.61
8002.3	25.21
7942.67	24.6
7949.42	23.64
8066.06	24.17
8031.54	23.57
8034.14	23.29
8159.97	22.45
8249.9	23.34
8300.71	21.88
8573.64	22.15
8846.39	21.66
8883.21	21.57
9188.31	22.07
9471.3	22.66
9585.9	23.38
9162.28	21.83
9057.82	22.23
8931.31	23.74
8090.29	21.57
8690.09	22.98
8982.16	23.29
9018.08	27.69
9031.63	27.01
9105.28	29.65
9411.95	32.32
9617.26	31.1
9496.47	34.36
9611.72	33.66
9631.51	36.25
9273.09	36.15
8970.92	36.36
8764.82	36.56
8342.2	37.49
8586.4	34.2
8722.38	34
8118.08	33.09
7941.44	34.66
8396.95	36.25
8221.1	36.19
8029.31	42.49
8184.65	40.87
7739.59	47.19
7673.99	45.38
7876.37	46.15
8108.71	48.87
8412.76	50.34
8531.38	52.31
8161.39	52.29
8524.99	43.04
8623.48	45.71
8596.34	50.47
8909.58	49.69
9074.34	52.06
8947.83	46.48
8963.63	43.5
8792.39	44.06
9197.41	45.53
8834.73	44.13
8619.08	41.33
8745.35	41.58
8105.59	36.7
7902.44	39.4
7548.76	45.24
7228.41	44.43
7244.76	49.8
6815.32	48.91
7233.62	47.34
7002.54	48.39
7209.04	41.79
7196.5	43.3
6911.64	42.36
7046.11	42.78
6307.28	36.02
6310.68	34.71
5970.38	38.96
5929.63	40.07
5742.23	33.88
5130.71	34.3
4960.4	28.97
4579.62	25.1
4870.66	30.23
4742.33	30.08
4452.7	27.15
4171.1	32.57
4460.49	37.27
4225.07	33.39
4481.27	39.63
4694.52	42.13
4425.08	41.71
4591.22	42.17
4502.74	39.78
4353.7	41.04
4247.97	41.94
4471.25	45.43
4592.5	46.58
4436.94	48.82
4557.15	44.46
4653.63	46.8
4897.39	45.07
4961.62	50.54
5390.7	51.51
5529.63	48.72
5781.96	44.5
5755.38	40.66
5880.77	49.09
5992.57	48.45
6583.87	56.73
6489.09	58.21
6737.29	65.24
6890.44	68.25
6767.1	67
6448.23	66.15
6231.15	64.27
6463.56	65.08
6665.4	63.14
6769.86	57.41
6850.99	62.55
6973.28	64.01
7077.71	60.73
6868.65	58.59
7069.51	57.2
6654.8	56.29
6809.86	57.39
7153.13	66.77
7337.14	70.38
7526.55	72.25
7345.22	67.06
7411.88	63.76
7571.96	71.57
7715.1	73.7
7649.28	70.91
7340.08	65.21
7463.05	75.61
7665.63	79.07
7682.97	81.4
7490.91	83.35
7650.91	80.38
7795.07	78.98
7753.63	78.57
7972.59	79.65
8188.11	77.37
8280.9	82.95
8356.89	79.59
7927.31	72.52
7640.44	67.38
7217.83	68.12
7441.84	69.17
7436.1	70.57
7666.26	75.99
7748.33	73.14
7897.91	71.21
7876.86	72.6
8025.93	79.37
8092.03	81.8
8111.57	78.32
8004.89	80.33
8004.25	82.55
7567.1	81.7
7772.13	88.02
7237.71	80.03
7295.32	85.7
7344.59	84.46
7299.49	86.94
7493.11	93.08
7474.71	96.2
7330.74	91.26
7647.25	91.43
7664.57	89.32
7761.22	90.44
7760.63	88.08
7963.3	84.49
7891.58	84.16
7927.31	88.81
7722.91	90.6
7830.21	89.75
7890.11	92
8158.33	96.2
8166.62	100.18
8244.18	101.24
8244.19	101.34
8205.3	101.77
8168.06	92.55
8287.09	92.04
8449.34	95.07
8316.05	96.54
8306.12	94.73
8312.15	93.53
8624.01	91.71
8718.83	87.77
8817.9	85.5
8861.1	82.51
8972.5	80.68
8782.72	77.72
8972.51	79.68
8954.38	77.94
9145.35	74.9
8609.86	75.48
8843.84	80.22
8599.65	79.67
8784.4	78.87
8567.82	72.15
8394.75	71.72
8610.39	74.57
8705.13	81.92
8894.54	85.45
8718.12	84.43
8969.43	85.45
9007.87	84.83
8977.23	78.13
9006.61	74.78
8837.03	76.47
8810	79.75
9046.28	79.58
8837.82	76.64
8636.1	73.81
8532.83	77.28
8739.82	81.24
8749.55	82.29
8574.91	86.45
8765.32	89.04
8644.18	89.21
7853.13	92.82
7637.02	98.98
7342.96	108.06
7445.1	104.49
7757.06	106.1
7610.57	109.75
7577.4	106.93
7046.22	94.72
7225.38	95.02
7211.96	95.99
7358.08	101.46
7254.51	98.28
7616.06	110.17
7603.23	116.57
7367.29	117.19
7233.78	109.06
6784.52	102.05
7140.68	102.43
6893.3	106.6
6785.09	100.01
7110.73	102.55
7072.08	100.31
7120.51	105.24
7181.54	106.92
7233.69	107.21
7674.99	112.23
7862.27	110.59
7894.36	109.1
7959.34	113.7
8144.04	112.02
8016.01	110.43
8054.94	99.71
8076.61	89.71
7933	86.43
7706.26	80.01
7788.27	87.47
7507.15	85.6
7480.5	89.79
7700.95	80.19
7401.37	75.76
7151.19	75.49
7071.63	79.95
7106.09	86.17
6999.65	86.5
7155.83	91.54
7222.05	88.32
7296.28	88.89
7368.59	90.07
7104.27	89.28
7164.68	85.11
7124.49	90.21
7217.51	89.5
7441.12	98.17
7467.92	96.28
7477.53	99.45
7397.06	101.68
7424.91	110.08
7738.05	118.84
7754.59	122.31
7715.16	121.46
7690.65	123.15
7437.04	119.71
7408.76	119.04
7134.06	116.51
7210.47	115.2
7293.22	110.94
7130.07	100.5
7326.01	106.05
7580.17	106.02
7642.26	101.05
7698.77	98.4
7519.93	98.22
7699.5	95.12
7805.99	94.63
7819.15	93.99
7732.87	91.12
7672.58	93.59
7855.97	94.45
7906.65	93.03
7947.72	80.85
7964.63	80.4
8015.14	79.93
7927.49	81.34
7796.22	84.65
7918.61	84.91
7942.35	80.08
7821.63	74.33
7930.8	70.67
8022.06	78.95
8135.03	77.66
8280.26	78.14
8368.19	71.03
8209.78	73.53
8254.8	77.9
8095.2	76.83
7937.74	74.88
7793.31	66.3
8062.21	63.61
8001.82	61.5
8220.49	65.84
8062.03	69.9
8149.4	72.86
8099.88	70.15
7856.14	72.7
7925	79.76
7873.31	80.45
8021.89	77.54
8164.2	77.42
8168.2	71.1
8209.18	72.93
8230.68	71.29
8364.55	69.29
8349.37	67.79
8441.19	71.29
8346.62	76.26
8388.18	71.04
8229.59	76.21
8177.12	72.83
8116.78	69.59
8406.83	70.32
8367.72	65.04
8376.94	63.69
8408.53	60.82
8535.04	62.57
8546.54	63.02
8529.35	61.19
8596	64.92
8598.31	69.68
8387.35	68.48
8513.68	79.16
8601.86	80.41
8639.58	78.55
8713.96	81.35
8687.63	83.66
8577.17	79.75
8774.64	75.73
8888.54	76.74
8908.05	77.31
8966.66	78.7
8774.12	79.05
8867.32	79.9
8889.69	76.49
8888.45	75.95
9008.22	75.45
9075.91	73.93
9134.46	73.39
9196.39	77.51
9273.79	82.25
9306.83	83.34
9510.05	86.31
9495.84	89.34
9400.97	87.43
9439.29	87.37
9266.51	85.86
9085.96	84.8
9206.81	84.6
9380.1	81.09
9436.27	84.15
