40.11	72.65
41.01	74.29
40.11	72.65
38.98	70.61
40.33	73.06
39.66	71.84
40.78	73.88
40.11	72.65
41.01	74.29
42.36	76.73
42.13	76.33
41.46	75.1
41.46	75.1
41.01	74.29
41.91	75.92
42.36	76.73
43.49	78.78
46.42	84.08
46.87	84.9
45.97	83.27
45.06	81.63
45.74	82.86
45.51	82.45
47.54	86.12
48.22	87.35
49.34	89.39
48.22	87.35
48.44	87.76
47.99	86.94
47.54	86.12
46.87	84.9
46.19	83.67
43.94	79.59
43.94	79.59
43.71	79.18
43.94	79.59
44.84	81.22
45.29	82.04
46.42	84.08
45.74	82.86
45.74	82.86
45.97	83.27
45.06	81.63
44.84	81.22
44.61	80.82
45.06	81.63
43.94	79.59
41.01	74.29
41.91	75.92
41.23	74.69
41.46	75.1
42.81	77.55
41.46	75.1
43.94	79.59
43.26	78.37
45.29	82.04
44.61	80.82
47.54	86.12
47.09	85.31
45.97	83.27
46.87	84.9
46.19	83.67
47.32	85.71
46.87	84.9
45.51	82.45
45.06	81.63
45.06	81.63
47.32	85.71
46.19	83.67
45.06	81.63
43.26	78.37
41.91	75.92
39.66	71.84
40.33	73.06
42.59	77.14
41.23	74.69
41.91	75.92
41.91	75.92
40.56	73.47
42.13	76.33
41.68	75.51
42.36	76.73
44.39	80.41
43.94	48.99
43.49	48.49
42.36	47.24
42.13	46.98
43.26	48.24
42.81	47.74
43.49	48.49
43.49	48.49
42.36	47.24
40.33	44.97
41.68	46.48
41.33	35.43
43.82	48.86
46.61	51.96
47.78	53.27
47.48	52.94
46.9	52.29
46.31	51.63
44.85	50
43.53	48.53
42.65	47.55
42.65	47.55
42.65	47.55
44.26	49.35
46.02	51.31
44.85	50
45.43	50.65
46.02	51.31
46.31	51.63
47.19	52.61
46.02	51.31
46.31	51.63
46.02	51.31
45.43	50.65
45.14	50.33
43.97	49.02
43.97	49.02
43.82	48.86
43.38	48.37
43.53	48.53
43.09	48.04
43.67	48.69
42.79	47.71
41.48	46.24
41.48	46.24
42.21	47.06
41.77	46.57
42.79	47.71
42.06	46.9
41.33	53.41
43.67	56.44
42.5	54.92
41.62	53.79
42.06	54.36
42.21	54.55
42.06	54.36
42.5	54.92
42.79	55.3
42.65	55.11
42.06	54.36
41.62	53.79
41.62	53.79
39.57	51.14
38.11	49.24
37.08	48.47
36.79	48.08
38.11	49.81
37.81	49.43
37.37	48.85
37.52	49.04
37.23	48.66
36.93	48.28
36.64	47.89
35.76	46.74
36.79	48.08
36.93	48.28
36.05	47.13
36.79	48.08
38.11	49.81
38.98	50.96
38.4	50.19
38.11	49.81
38.25	50
39.57	51.72
40.45	52.87
40.89	53.45
40.6	53.07
40.45	52.87
40.16	52.49
40.89	53.45
41.18	53.83
40.45	52.87
40.16	52.49
39.57	51.72
39.42	41.38
38.11	40
38.98	40.92
39.13	41.08
39.28	41.23
38.4	40.31
36.79	38.62
36.49	38.31
36.35	38.15
36.35	38.15
35.17	36.92
35.91	37.69
35.61	37.38
35.47	37.23
33.12	34.77
33.71	35.38
33.56	35.23
31.22	32.77
31.22	32.77
33.27	34.92
32.54	34.15
31.22	32.77
30.48	32
29.31	30.77
28.87	30.31
30.19	31.69
29.17	30.62
30.19	31.69
32.24	33.85
32.54	34.15
31.51	33.08
30.48	32
28.43	29.85
28.29	29.69
26.82	28.15
27.55	28.92
25.65	26.92
23.89	25.08
25.5	26.77
27.26	28.62
29.17	30.62
31.07	32.62
31.51	33.08
30.92	32.46
29.9	31.38
28.87	30.31
28.73	30.15
28.43	29.85
30.34	31.85
32.1	33.69
31.07	32.62
31.95	24.55
34.15	26.24
34.29	26.35
33.71	25.9
33.42	25.68
31.22	23.99
31.22	23.99
31.36	24.1
29.31	22.52
28.87	22.18
27.55	21.17
25.79	19.82
27.55	21.17
26.67	20.5
26.09	20.05
27.85	21.4
27.7	21.28
27.11	20.83
26.53	20.38
26.23	20.16
26.82	20.61
26.38	20.27
25.79	19.82
25.94	19.93
26.09	20.05
26.67	20.5
26.38	20.27
26.38	20.27
27.11	20.83
26.97	20.72
26.53	20.38
25.79	19.82
25.65	19.71
24.77	19.03
24.62	18.92
23.89	18.36
23.16	17.79
22.86	17.57
22.28	17.12
21.98	16.89
23.45	18.02
23.3	17.91
23.01	17.68
24.48	18.81
23.6	18.13
24.91	19.14
26.53	20.38
26.23	20.16
27.26	20.95
27.55	21.17
27.11	20.83
27.55	21.17
27.7	21.28
29.6	22.75
29.6	22.75
29.9	22.97
28.43	21.85
29.02	22.3
30.92	23.76
29.75	22.86
29.46	22.64
28.87	22.18
28.73	22.07
26.82	20.61
26.53	20.38
26.82	20.61
26.97	20.72
28.73	22.07
27.55	21.17
29.46	22.64
28.73	22.07
28.14	21.62
28.14	21.62
28.58	21.96
27.41	21.06
26.67	20.5
26.09	20.05
26.38	20.27
24.62	18.92
24.48	18.81
24.77	19.03
25.94	19.93
26.97	20.72
26.53	20.38
25.79	19.82
25.06	19.26
25.5	19.59
25.35	19.48
25.79	19.82
25.94	19.93
25.5	19.59
25.21	19.37
24.91	19.14
25.35	19.48
26.53	20.38
26.38	20.27
26.23	20.16
26.09	20.05
25.79	19.82
25.94	19.93
24.91	19.14
23.89	18.36
23.3	17.91
24.18	18.58
23.45	18.02
23.16	17.79
24.33	18.69
25.21	19.37
24.91	19.14
24.62	18.92
24.48	18.81
24.91	19.14
26.53	20.38
26.53	20.38
26.38	20.27
25.79	19.82
25.35	19.48
26.09	20.05
25.5	19.59
26.67	20.5
28.14	21.62
28.29	21.73
27.26	20.95
27.85	21.4
27.7	21.28
27.85	21.4
27.11	17.03
27.55	17.31
27.11	17.03
26.23	16.48
25.79	16.21
26.09	16.39
26.53	16.67
25.94	16.3
26.38	16.57
27.7	17.4
27.55	17.31
27.7	17.4
27.26	17.13
27.26	17.13
26.38	16.57
26.23	16.48
26.09	16.39
26.38	16.57
26.67	16.76
27.41	17.22
27.26	17.13
28.43	17.86
29.02	18.23
28.43	17.86
27.55	17.31
27.11	17.03
27.41	17.22
26.97	16.94
26.53	16.67
26.38	16.57
25.21	15.84
24.91	15.65
25.63	11.23
26.68	16.84
25.84	16.31
26.89	16.98
28.15	17.77
27.94	17.64
27.52	17.37
27.52	17.37
26.47	16.71
25.63	16.18
25.84	16.31
25.84	16.31
26.68	16.84
26.47	16.71
26.47	16.71
26.26	16.58
26.05	16.45
25.63	16.18
25.42	16.05
24.37	15.38
24.16	15.25
24.79	15.65
25.42	16.05
26.68	16.84
27.73	17.51
28.78	18.17
29.62	18.7
28.99	18.3
28.57	18.04
27.73	17.51
28.36	17.9
27.31	17.24
28.78	18.17
28.57	18.04
28.99	18.3
28.78	18.17
28.57	18.04
28.36	17.9
27.73	17.51
27.94	17.64
26.05	16.45
26.05	16.45
25.42	16.05
26.68	16.84
26.47	16.71
27.1	17.11
26.47	16.71
26.89	21.4
26.89	21.4
27.73	22.07
27.52	21.91
26.89	21.4
26.47	21.07
26.89	21.4
26.47	21.07
24.79	19.73
23.32	18.56
22.69	18.06
22.06	17.56
21.43	17.06
19.96	15.89
19.92	15.85
20.38	16.22
19.54	15.55
19.62	15.62
18.91	15.05
18.53	14.75
18.61	14.82
19.66	15.65
19.33	15.38
20.67	16.45
22.06	17.56
23.11	18.39
22.48	17.89
23.32	18.56
24.37	19.4
25	19.9
24.58	19.57
24.37	19.4
24.16	19.23
25.84	20.57
26.26	20.9
26.47	21.07
28.15	22.41
26.26	20.9
25.63	20.4
25.63	20.4
26.26	20.9
27.31	21.74
27.52	21.91
28.15	22.41
28.36	22.58
28.57	22.74
28.57	22.74
28.36	22.58
30.25	24.08
31.3	24.92
32.56	25.92
33.4	26.59
31.3	24.92
31.72	25.25
30.67	24.41
30.88	24.58
31.09	24.75
31.72	25.25
31.09	24.75
30.67	24.41
30.67	39.04
32.56	41.44
32.98	41.98
35.08	44.65
37.39	47.59
37.18	47.33
35.29	44.92
35.92	45.72
37.18	47.33
35.29	44.92
35.08	44.65
34.03	43.32
34.66	44.12
35.92	45.72
35.92	45.72
33.61	42.78
34.03	43.32
35.08	44.65
34.66	44.12
34.45	43.85
35.71	45.45
36.76	46.79
36.13	45.99
35.92	45.72
37.39	47.59
38.86	49.47
38.02	48.4
38.44	48.93
38.02	48.4
36.76	46.79
36.97	47.06
36.76	46.79
35.71	45.45
35.5	45.19
35.71	45.45
38.02	48.4
37.81	48.13
37.18	47.33
38.02	48.4
38.65	49.2
38.65	49.2
37.39	47.59
36.55	46.52
36.76	46.79
35.92	45.72
36.13	45.99
35.92	45.72
36.34	46.26
36.76	46.79
35.92	45.72
34.45	43.85
34.66	44.12
34.24	43.58
34.03	43.32
33.61	42.78
34.45	43.85
34.03	43.32
36.34	46.26
38.23	48.66
39.7	50.53
39.28	50
38.44	48.93
40.96	52.14
39.91	50.8
39.49	50.27
39.07	49.73
38.02	48.4
38.44	48.93
38.44	48.93
40.33	51.34
39.49	50.27
39.91	50.8
40.33	51.34
39.7	50.53
38.86	49.47
39.91	50.8
40.54	51.6
40.12	51.07
40.33	51.34
39.91	50.8
38.86	49.47
38.44	48.93
38.44	48.93
38.02	48.4
37.81	48.13
38.65	49.2
38.44	48.93
38.86	49.47
40.33	51.34
40.12	51.07
39.7	50.53
39.07	49.73
39.49	50.27
39.91	50.8
38.65	49.2
38.65	49.2
37.39	47.59
36.76	116.67
35.71	113.33
35.71	113.33
34.03	108
34.45	109.33
34.87	110.67
35.71	113.33
36.34	115.33
35.71	113.33
36.55	116
37.81	120
37.18	118
37.6	119.33
36.55	116
36.34	115.33
36.97	117.33
36.55	116
36.76	116.67
36.34	115.33
36.13	114.67
35.92	114
36.34	115.33
35.92	114
35.71	113.33
34.24	108.67
34.45	109.33
33.82	107.33
31.51	100
31.51	100
31.09	98.67
30.25	96
31.72	100.67
31.72	100.67
31.09	98.67
31.72	100.67
31.82	91.33
31.82	100.74
32.05	101.47
31.82	100.74
32.28	102.21
30.89	97.79
30.89	97.79
31.59	100
31.12	98.53
30.66	97.06
29.5	93.38
29.96	94.85
31.12	98.53
32.98	104.41
33.21	105.15
32.52	102.94
31.35	99.26
32.98	104.41
32.28	102.21
32.05	101.47
31.12	98.53
29.96	94.85
28.57	90.44
28.1	88.97
28.8	91.18
27.17	86.03
26.94	85.29
25.08	79.41
23.46	74.26
24.15	76.47
23.46	74.26
23.23	73.53
23.18	73.38
21.6	68.38
21.41	67.79
22.9	72.5
22.81	72.21
23.69	75
23.46	74.26
23.23	73.53
23.69	75
24.62	77.94
24.85	78.68
24.85	78.68
25.32	80.15
24.62	77.94
24.62	77.94
25.08	79.41
24.39	77.21
23.69	75
23.23	73.53
23.23	73.53
23.18	43.02
22.62	41.98
22.62	41.98
22.25	41.29
22.06	40.95
22.53	41.81
23.46	43.53
23.46	43.53
23.18	43.02
22.34	41.47
21.92	40.69
22.76	42.24
21.18	39.31
21.18	39.31
20.21	37.5
19.56	36.29
19.65	36.47
19.51	36.21
19.79	36.72
19.51	36.21
19.09	35.43
18.63	34.57
18.58	34.48
17.51	32.5
17.65	32.76
16.72	31.03
16.54	30.69
16.72	31.03
16.58	30.78
17.65	32.76
18.86	35
20.16	37.41
20.21	37.5
21.6	40.09
21.14	39.22
20.21	37.5
20.9	38.79
20.9	38.79
21.37	39.66
21.65	40.17
21.74	40.34
21.14	39.22
21.6	36.61
20.9	35.43
21.83	37.01
22.16	37.56
23.69	40.16
23.92	40.55
23.69	40.16
22.16	37.56
21.74	36.85
21.74	36.85
21.55	36.54
22.48	38.11
22.39	37.95
22.11	37.48
21.41	36.3
21.79	36.93
23.23	39.37
24.15	40.94
23.46	39.76
23.23	39.37
23.46	39.76
23.46	39.76
24.15	40.94
24.85	42.13
24.15	40.94
24.39	41.34
23.92	40.55
24.15	40.94
23.23	39.37
23.23	39.37
22.76	38.58
22.62	38.35
22.25	37.72
22.2	37.64
22.3	37.8
21.32	36.14
21.37	36.22
20.67	35.04
20.81	35.28
20.76	35.2
21.37	36.22
21.14	35.83
20.07	34.02
19.79	33.54
19.74	33.46
20.81	35.28
20.81	35.28
21.09	35.75
21.6	36.61
21.37	36.22
21.92	37.17
23.46	39.76
23.46	39.76
23.46	39.76
22.58	38.27
22.67	38.43
22.25	37.72
22.11	37.48
22.2	37.64
23.46	39.76
22.95	38.9
22.71	38.5
22.16	37.56
20.62	34.96
19.51	33.07
18.91	32.05
19.28	32.68
18.77	31.81
18.67	31.65
19.04	32.28
20.35	34.49
19.93	33.78
19.97	33.86
20.48	34.72
20.86	35.35
21.04	35.67
19.97	33.86
19.88	33.7
19.51	33.07
20.44	34.65
20.16	34.17
19.32	32.76
19.23	32.6
19.32	32.76
19.79	33.54
19.74	33.46
19.97	33.86
20.48	34.72
21.14	35.83
20.44	34.65
21.83	37.01
22.25	37.72
22.58	38.27
22.53	38.19
22.53	38.19
21.65	36.69
21.83	37.01
20.86	35.35
20.62	34.96
19.65	33.31
19.6	33.23
19.88	33.7
20.39	34.57
21	35.59
21.46	36.38
21.23	35.98
20.81	35.28
20.67	35.04
20.81	35.28
20.25	34.33
20.76	35.2
21.79	36.93
21.27	36.06
22.06	37.4
22.44	38.03
21.83	37.01
22.44	38.03
21.97	37.24
21.14	35.83
20.44	34.65
20.95	35.51
22.2	45.96
22.44	46.44
22.53	46.63
22.2	45.96
22.16	45.87
21.69	44.9
22.06	45.67
22.44	46.44
22.85	47.31
22.85	47.31
22.99	47.6
22.67	46.92
22.71	47.02
22.3	46.15
22.3	46.15
22.3	46.15
22.81	47.21
23.13	47.88
22.9	47.4
23.46	48.56
24.15	50
24.85	51.44
26.24	54.33
26.01	53.85
26.71	55.29
27.17	56.25
27.41	56.73
26.71	55.29
26.24	54.33
27.17	56.25
26.48	54.81
26.01	53.85
26.94	55.77
27.41	56.73
27.41	56.73
27.17	56.25
26.71	55.29
26.48	54.81
26.48	54.81
26.48	54.81
26.48	54.81
26.48	54.81
27.17	56.25
27.87	57.69
28.33	58.65
28.8	59.62
30.8	58.65
31.3	64.58
30.55	63.02
29.03	59.9
29.03	59.9
30.04	61.98
30.04	61.98
30.04	61.98
29.28	60.42
29.28	60.42
28.78	59.38
28.53	58.85
29.03	59.9
29.54	60.94
28.78	59.38
29.28	60.42
28.78	59.38
28.78	59.38
29.79	61.46
30.29	62.5
30.29	62.5
29.54	60.94
29.54	60.94
30.29	62.5
29.28	60.42
28.78	59.38
28.78	59.38
29.79	61.46
30.04	61.98
30.8	63.54
31.05	64.06
31.56	65.1
31.81	65.63
32.31	66.67
32.31	66.67
32.57	67.19
31.81	65.63
32.31	66.67
33.07	68.23
33.83	62.04
34.08	62.5
33.83	62.04
33.58	61.57
33.32	61.11
34.33	62.96
35.85	65.74
35.6	65.28
35.09	64.35
34.33	62.96
33.83	62.04
34.59	63.43
36.1	66.2
35.6	65.28
34.84	63.89
34.08	62.5
34.33	62.96
34.33	62.96
33.58	61.57
33.32	61.11
33.58	61.57
33.58	61.57
33.58	61.57
34.59	63.43
35.34	64.81
35.85	65.74
35.34	64.81
35.09	64.35
34.84	63.89
35.34	64.81
34.59	63.43
34.33	62.96
35.09	64.35
34.33	62.96
34.33	62.96
33.83	62.04
33.32	61.11
32.57	59.72
32.57	59.72
33.07	60.65
34.33	62.96
35.09	64.35
35.09	64.35
33.83	62.04
33.83	62.04
34.59	63.43
35.09	41.62
34.84	41.32
34.84	41.32
34.33	40.72
33.32	39.52
33.58	39.82
34.08	40.42
34.08	40.42
33.58	39.82
33.83	40.12
33.32	39.52
33.07	39.22
32.82	38.92
32.31	38.32
33.07	39.22
32.82	38.92
31.81	37.72
32.06	38.02
32.31	38.32
33.32	39.52
33.58	39.82
33.83	40.12
32.82	38.92
32.06	38.02
32.57	38.62
31.3	37.13
31.56	37.43
31.3	37.13
31.81	37.72
30.8	36.53
30.04	35.63
30.29	35.93
30.29	35.93
31.05	36.83
31.3	37.13
31.05	36.83
31.3	37.13
31.3	37.13
31.3	37.13
31.81	37.72
32.06	38.02
33.07	39.22
33.32	39.52
33.32	39.52
33.07	39.22
33.07	39.22
34.08	40.42
34.08	40.42
34.08	40.42
33.83	40.12
33.83	40.12
33.58	39.82
34.59	41.02
34.08	40.42
33.58	39.82
33.32	39.52
32.82	38.92
32.06	38.02
31.56	37.43
31.56	37.43
31.81	37.72
32.82	38.92
32.31	38.32
32.31	38.32
32.57	38.62
32.31	38.32
31.56	37.43
31.56	37.43
31.81	37.72
32.06	38.02
32.06	38.02
31.56	37.43
31.05	36.83
31.05	36.83
32.06	38.02
32.06	38.02
32.57	38.62
33.83	40.12
33.32	39.52
33.83	40.12
33.83	40.12
33.32	39.52
33.07	39.22
31.81	37.72
32.06	38.02
31.3	37.13
30.8	36.53
30.55	36.23
30.55	36.23
31.3	37.13
31.81	37.72
29.79	35.33
27.77	32.93
29.28	34.73
29.28	34.73
29.54	35.03
31.05	36.83
30.29	35.93
30.29	25.75
30.04	25.54
30.04	25.54
31.3	26.61
31.3	26.61
31.05	26.39
30.8	26.18
30.29	25.75
30.8	26.18
30.55	25.97
31.81	27.04
30.8	26.18
30.8	26.18
30.04	25.54
30.8	26.18
31.05	26.39
31.3	26.61
32.31	27.47
32.06	27.25
32.06	27.25
31.3	26.61
30.55	25.97
29.03	18.91
29.28	19.08
29.79	19.41
27.77	18.09
28.02	18.26
28.78	18.75
27.77	18.09
29.03	18.91
29.03	18.91
28.78	18.75
27.77	18.09
26	16.94
26.25	17.11
28.02	18.26
27.77	18.09
27.77	18.09
27.26	17.76
27.52	17.93
28.27	18.42
28.78	18.75
29.28	19.08
28.27	18.42
28.53	18.59
28.02	18.26
26.76	17.43
26.76	17.43
27.77	18.09
28.53	18.59
27.77	18.09
26.76	17.43
25.5	16.61
25.48	14.24
25.3	16.29
25.6	16.48
26.07	16.78
25.19	16.21
25.6	16.48
26.89	17.31
26.95	17.35
27.19	17.5
27.01	17.39
27.13	17.46
28.48	18.33
28.48	18.33
27.19	17.5
26.36	16.97
27.07	17.42
26.3	16.93
26.48	17.05
27.07	17.42
26.36	16.97
26.01	16.74
26.01	16.74
25.3	16.29
25.01	16.1
24.83	15.98
24.42	15.72
25.54	16.44
25.48	16.4
25.19	16.21
24.07	15.49
24.54	15.8
24.54	15.8
24.13	15.53
25.24	16.25
25.19	16.21
25.89	16.67
25.77	16.59
26.48	17.05
25.89	16.67
25.48	16.4
25.48	16.4
25.77	16.59
25.77	16.59
25.77	16.59
25.54	16.44
25.77	16.59
26.36	16.97
27.54	17.73
27.3	17.58
27.66	17.8
28.6	18.41
28.25	18.18
28.3	18.22
27.66	14.97
27.72	15
27.01	14.62
26.13	14.14
25.89	14.01
26.13	14.14
25.83	13.98
25.72	13.92
26.24	14.2
27.01	14.62
26.77	14.49
26.72	14.46
26.72	14.46
26.36	14.27
26.6	14.39
27.07	14.65
26.95	14.59
26.42	14.3
25.72	13.92
25.3	13.69
25.13	13.6
25.48	13.79
26.19	14.17
26.77	14.4
26.66	14.34
26.48	14.24
26.48	14.24
25.48	13.7
25.19	13.54
25.07	13.48
25.07	13.48
25.13	13.51
25.01	13.45
24.83	13.35
25.3	13.61
25.19	13.54
25.42	13.67
25.42	13.67
24.83	13.35
24.66	13.26
25.3	13.61
25.77	13.86
25.83	13.89
26.48	12.16
27.6	12.68
27.95	12.84
28.07	12.89
28.19	12.95
28.13	12.92
28.25	12.97
27.25	12.51
27.66	12.7
27.95	12.84
28.48	13.08
29.25	13.43
29.72	13.65
29.72	13.65
28.36	13.03
28.48	13.08
28.78	13.22
28.42	13.05
27.77	12.76
27.6	12.68
27.83	12.78
27.3	12.54
28.25	12.97
28.78	13.22
28.78	13.22
28.95	13.3
28.72	13.19
28.36	13.03
28.36	13.03
28.01	12.86
28.3	13
29.3	13.46
29.42	13.51
29.3	13.46
29.42	13.51
29.01	13.32
29.3	13.46
29.42	13.51
29.42	13.51
29.36	13.49
29.42	13.51
29.72	13.65
29.72	13.65
29.72	13.65
30.01	13.78
29.19	13.41
28.54	13.11
28.25	12.97
28.13	12.92
28.54	13.11
28.36	13.03
27.66	12.7
27.54	12.65
27.66	12.7
28.78	13.22
28.89	13.27
28.07	12.89
28.25	12.97
27.95	12.84
27.66	12.7
28.01	12.86
28.95	13.3
29.07	13.35
29.42	13.51
30.6	14.05
30.89	14.19
31.48	14.46
31.48	14.46
32.07	14.73
32.36	14.86
32.07	14.73
31.48	14.46
31.78	14.59
32.07	14.73
31.78	14.59
31.48	14.46
31.19	14.32
32.36	14.86
31.95	14.68
31.84	14.62
31.48	14.46
30.89	14.19
31.07	14.27
31.6	14.51
31.19	14.32
30.6	14.05
30.89	14.19
30.31	13.92
30.07	13.81
30.6	14.05
29.95	13.76
29.95	13.76
29.78	13.68
29.72	13.65
29.6	13.59
29.78	13.68
30.31	13.92
30.31	13.92
30.07	13.81
29.78	13.68
30.31	13.92
30.95	14.22
30.72	14.11
30.31	13.92
30.25	13.89
30.78	14.14
30.54	14.03
30.78	14.14
30.89	14.19
30.19	13.86
30.19	13.86
29.6	13.59
29.48	13.54
29.48	13.54
29.19	13.41
29.19	13.41
29.3	13.46
30.36	13.95
30.72	14.11
31.19	14.32
30.54	13.07
30.78	13.17
30.89	13.22
31.72	13.58
32.13	14.04
32.19	14.06
32.19	14.06
31.54	13.78
32.07	14.01
32.25	14.09
32.25	14.09
31.95	13.96
32.31	14.11
33.19	14.5
33.25	14.52
32.48	14.19
33.19	14.5
32.84	14.34
32.95	14.4
33.42	14.6
33.37	14.58
33.48	14.63
32.89	14.37
33.48	14.63
33.95	14.83
34.19	14.94
33.84	14.78
34.25	14.96
34.13	14.91
34.19	14.94
35.24	14.01
35.24	14.93
35.56	15.07
36.14	15.32
36.72	15.56
36.79	15.59
36.08	15.29
36.79	15.59
36.98	15.67
36.59	15.51
36.53	15.48
36.46	15.45
35.49	15.04
35.62	15.1
36.01	15.26
35.62	15.1
35.17	14.9
35.3	14.96
35.3	14.96
34.78	14.74
36.72	15.56
36.92	15.64
36.72	15.56
36.85	15.62
36.59	15.51
36.34	15.4
36.46	15.45
36.46	15.45
36.79	15.59
36.27	15.37
35.95	15.23
34.33	14.55
34.85	14.77
34.4	14.58
34.46	14.6
35.49	15.04
36.14	15.32
35.37	14.99
34.53	14.63
34.27	14.52
34.14	14.47
34.65	14.68
34.65	14.68
34.27	14.52
34.27	14.52
34.07	14.44
33.62	14.25
33.36	14.14
33.62	14.25
33.62	14.25
33.3	14.11
33.49	14.19
34.14	14.47
33.17	14.05
33.04	14
34.91	15.65
34.01	15.25
33.68	15.1
33.75	15.13
33.62	15.07
33.56	15.04
33.36	14.96
34.07	15.28
34.59	15.51
34.85	15.62
34.85	15.62
34.01	15.25
34.4	15.42
34.65	15.54
34.65	15.54
33.68	15.1
33.23	14.9
32.97	14.78
33.3	14.93
33.1	14.84
33.68	15.1
34.46	15.45
34.14	15.3
34.91	15.65
35.04	15.71
34.72	15.57
34.85	15.62
34.2	15.33
33.49	15.01
33.23	14.9
33.04	14.81
32.39	14.52
32.65	14.64
32.04	14.36
32.52	14.58
31.81	14.26
32.52	14.58
32.84	14.72
32.84	14.72
32.07	14.38
32.59	14.61
33.62	15.07
33.49	15.01
34.07	15.92
34.59	16.16
35.04	16.37
35.17	16.44
35.24	16.47
35.75	16.71
36.14	16.89
36.85	17.22
36.85	17.22
36.85	17.22
36.72	17.16
36.27	16.95
36.92	17.25
37.43	17.49
37.5	17.52
38.6	18.04
38.6	18.04
38.21	17.85
38.47	17.98
37.37	17.46
38.47	17.98
38.34	17.92
39.18	18.31
40.09	18.73
40.41	18.88
40.41	18.88
39.89	18.64
39.31	18.37
39.57	18.49
40.09	18.73
39.5	18.46
39.37	18.4
40.09	18.73
40.41	18.88
40.28	18.82
40.73	19.03
40.28	18.82
41.31	19.31
41.25	19.27
41.25	19.27
41.06	19.18
40.73	19.03
40.41	18.88
39.44	18.43
40.67	19
40.99	19.15
41.38	19.34
42.35	19.79
44.03	20.57
43.12	20.15
42.54	19.88
42.35	19.79
41.7	19.49
41.31	19.31
41.77	19.52
39.83	18.61
40.09	18.73
40.41	18.88
39.96	18.67
40.02	18.7
41.06	19.18
40.99	19.15
42.99	20.09
42.02	19.64
40.8	19.06
40.73	19.03
40.47	18.91
40.34	18.85
40.28	18.82
39.63	18.52
40.34	18.85
39.89	18.64
40.54	18.94
40.15	18.76
40.02	18.7
39.31	18.37
39.44	18.43
39.37	18.4
39.05	18.25
40.54	18.94
39.96	18.67
39.37	18.4
38.86	18.16
38.15	17.82
38.66	18.07
39.7	18.55
39.7	18.55
38.79	18.13
39.5	18.46
39.12	18.28
39.24	18.34
38.92	18.19
39.12	18.28
38.53	18.01
38.53	18.01
38.66	18.07
38.99	18.22
39.7	18.55
40.02	18.7
40.67	19
41.51	19.4
41.9	19.58
41.7	19.49
42.61	19.91
43.58	20.36
43.32	20.24
42.74	19.97
43.19	20.18
43.45	20.3
43.96	20.54
43.84	20.48
43.9	20.51
44.87	20.97
45.19	21.12
44.8	18.33
44.09	18.04
43.32	17.72
44.61	18.25
43.45	17.78
44.03	18.02
43.45	17.78
43.32	17.72
43.64	15.27
44.29	15.5
44.87	15.7
43.96	15.38
42.99	15.05
43.06	15.07
41.96	14.68
40.86	14.3
40.34	14.12
41.18	14.41
40.41	14.14
40.41	14.14
39.31	13.76
39.5	13.82
39.44	13.8
38.66	13.53
38.47	13.46
38.92	13.62
38.99	13.64
39.7	13.89
40.41	14.14
39.05	13.67
39.31	13.76
38.86	13.6
36.14	12.65
37.82	13.24
37.18	13.01
36.34	12.71
37.56	13.14
36.72	12.85
38.4	13.44
38.4	13.44
38.45	12.38
38.87	13.04
40.56	13.61
39.78	13.35
40.06	13.44
40.34	13.54
39.43	13.23
39.85	13.37
41.05	13.77
41.12	13.8
41.33	13.87
40.56	13.61
40.13	13.47
39.99	13.42
39.99	13.42
39.64	13.3
40.13	13.47
39.57	13.28
38.73	13
37.81	12.69
38.02	12.76
37.81	12.69
39.5	13.25
38.59	12.95
37.18	12.48
37.81	12.69
37.88	12.71
38.1	12.78
38.24	12.83
38.52	12.92
38.73	13
38.59	12.95
38.59	12.95
38.59	12.95
38.38	12.88
39.01	13.09
39.22	13.16
39.92	13.4
40.34	13.54
40.48	13.58
40.48	13.58
41.47	13.92
41.96	14.08
41.89	14.06
40.7	13.66
41.33	13.87
40.84	13.7
39.99	13.42
40.06	13.44
39.5	13.25
39.71	13.33
40.27	13.51
40.84	12
41.33	12.15
41.68	12.25
41.19	12.11
40.63	11.94
40.13	11.8
39.85	11.71
39.57	11.63
39.85	11.71
41.05	12.07
41.05	12.07
41.47	12.19
42.1	12.38
42.52	12.5
42.1	12.38
42.52	12.5
41.96	12.33
41.96	12.33
42.52	12.5
42.8	12.58
42.8	12.58
41.96	12.33
42.31	12.44
42.17	12.4
41.12	12.09
42.66	12.54
42.59	12.52
42.87	12.6
44.42	13.06
44.28	13.02
45.69	13.43
44.21	13
43.58	12.81
42.87	12.6
43.44	12.77
43.02	12.64
44.28	13.02
43.79	12.87
43.23	12.71
43.93	12.91
42.66	12.54
42.87	12.6
42.31	11.69
42.73	11.81
42.94	11.86
42.52	11.75
42.59	11.77
42.45	11.73
42.52	11.75
42.73	11.81
42.17	11.65
42.73	11.81
43.44	12
43.72	12.08
43.86	12.12
43.72	12.08
44.28	12.23
44.28	12.23
44.63	12.33
44.56	12.31
45.4	12.54
44.98	12.43
45.33	12.52
46.04	12.72
46.74	12.91
46.6	12.87
47.02	12.99
47.72	13.18
47.09	13.01
46.46	12.83
46.74	12.91
45.12	12.47
45.62	12.6
45.05	12.45
45.62	12.6
46.81	12.93
45.76	12.64
45.55	12.58
45.62	12.6
46.11	12.74
45.76	12.64
46.39	12.82
46.67	12.89
46.46	12.83
47.44	13.11
47.58	13.15
47.79	13.2
47.58	13.15
47.02	12.99
46.25	12.78
46.39	12.82
45.12	12.47
46.25	12.78
48.57	13.42
48.64	13.44
49.41	13.65
49.83	13.77
50.04	13.83
49.06	13.55
48.5	13.4
48.36	13.36
49.55	13.69
49.9	13.79
47.79	13.2
48.22	13.32
47.79	13.2
47.37	13.09
47.09	13.01
47.65	13.17
47.65	13.17
48.43	13.38
48.36	13.36
48.08	13.28
47.79	13.2
47.09	13.01
46.25	12.78
47.3	13.07
48.43	13.38
48.71	13.46
46.88	12.95
46.95	12.97
46.46	12.83
44.49	12.29
45.76	12.64
46.04	12.72
46.32	12.8
46.74	12.91
47.23	13.05
48.57	13.42
47.72	13.18
48.5	13.4
48.5	13.4
48.5	13.4
48.64	13.44
48.99	13.53
49.34	13.63
49.2	13.59
49.2	13.59
48.64	13.44
48.01	13.26
48.29	13.34
47.72	13.18
47.94	13.24
47.79	13.2
48.71	13.46
48.5	13.4
48.15	13.92
48.71	14.09
48.15	13.92
48.01	13.88
48.29	13.96
47.44	13.72
47.79	13.82
48.22	13.94
47.37	13.7
47.44	13.72
48.22	13.94
49.06	14.19
48.71	14.09
49.13	14.21
48.5	14.02
48.29	13.96
47.79	15.53
48.08	15.62
48.57	15.78
48.15	15.64
47.79	15.53
47.79	15.53
48.15	15.64
47.44	15.41
47.23	15.34
46.74	15.18
46.81	15.21
47.58	15.46
48.15	15.64
48.64	15.8
48.08	15.62
48.43	15.73
48.15	15.64
47.37	15.39
47.51	15.43
48.22	15.66
47.79	15.53
47.93	15.57
48.36	15.71
48.57	15.78
48.5	15.75
48.43	15.73
48.5	15.75
49.02	14.93
49.17	15.29
48.57	15.1
48.05	14.94
48.72	15.15
49.25	15.31
51.2	15.92
51.87	16.13
51.72	16.08
51.2	15.92
52.77	16.41
51.8	16.11
52.1	16.2
52.77	16.41
53.14	16.53
53.22	16.55
53.37	16.6
53.89	16.76
53.52	16.64
52.84	16.43
53.97	16.78
53.97	16.78
54.27	16.88
53.74	16.71
54.72	17.02
54.34	16.9
54.49	16.95
53.22	16.55
52.47	16.32
52.02	16.18
51.5	16.01
53.44	16.62
52.17	16.22
51.12	15.9
47.97	14.92
48.72	15.15
48.72	15.15
45.95	14.29
47.82	14.87
47.9	14.9
46.92	14.59
45.95	14.29
47.07	14.64
47.82	14.87
46.1	14.34
46.47	14.45
46.4	14.43
45.72	14.22
44.3	13.78
44.22	13.75
46.62	14.5
46.4	15.63
45.65	15.38
47.07	15.86
46.17	15.56
46.17	15.56
46.02	15.51
45.12	15.2
45.35	15.28
47	15.83
46.92	15.81
46.17	15.56
46.32	15.61
46.62	15.71
46.47	15.66
45.87	15.45
45.95	15.48
46.1	15.53
45.42	15.3
46.32	15.61
45.57	15.35
46.02	15.51
45.72	15.4
46.1	15.53
46.1	15.53
47.67	16.06
47.67	16.06
47.45	15.98
47.9	16.14
48.65	16.39
48.72	16.41
48.12	16.21
48.42	16.31
48.72	16.41
48.57	16.36
47.45	15.98
45.95	15.48
47.15	15.88
46.77	15.76
46.47	15.66
47.15	15.88
46.47	15.66
45.42	15.3
46.1	15.53
45.57	15.35
45.8	15.43
46.17	15.56
47.9	16.47
47.22	16.24
47.82	16.44
48.12	16.55
46.17	15.88
46.85	16.11
46.92	16.13
47.22	16.24
46.4	15.95
46.7	16.06
46.17	15.88
46.25	15.9
46.1	15.85
45.65	15.7
45.35	15.59
45.35	15.59
45.35	15.59
43.92	15.1
44.9	15.44
44.67	15.36
45.8	15.75
44.3	15.23
43.85	15.08
44.97	15.46
45.42	15.62
44.82	15.41
45.2	15.54
45.65	15.7
46.4	15.95
46.92	16.13
45.8	15.75
47	16.16
45.95	15.8
45.5	15.64
44.82	15.41
44.6	15.34
44.07	15.15
44.37	15.26
44.22	15.21
44.22	15.21
44.37	15.26
44.67	15.36
44.6	15.34
46.25	15.9
45.35	15.59
46.47	15.98
45.35	15.59
44.52	15.31
44.97	15.46
41.83	14.38
41.98	14.43
42.73	14.69
41.75	14.36
41.23	14.18
41.15	14.15
43.1	14.82
41.53	14.28
41	14.1
40.93	14.07
39.95	13.74
37.18	12.78
38.23	13.14
40.25	13.84
41.6	14.3
40.63	13.97
42.73	14.69
43.33	14.9
44.9	15.44
46.02	15.82
44.97	15.46
44.9	15.44
46.47	15.98
46.1	15.85
44.97	15.46
46.1	15.85
45.8	15.75
46.4	15.95
45.65	15.7
45.87	15.77
46.77	16.08
47.67	16.39
46.17	15.88
45.5	15.64
47.15	16.21
47.45	16.31
48.65	16.73
47.97	16.49
45.87	15.77
46.77	16.08
47.82	16.44
46.47	15.98
45.8	14.79
44.9	14.5
44.9	14.5
46.55	15.04
46.92	15.16
48.57	15.69
50.52	16.32
50.37	16.27
50.22	16.22
47.82	15.45
46.7	15.08
47.3	15.28
46.32	14.96
47.97	15.5
48.27	15.12
48.72	15.26
48.27	15.12
47.3	14.81
48.35	15.14
48.05	15.05
47.22	14.79
47.22	14.79
48.87	15.31
50.3	15.75
50.07	15.68
50.52	15.82
50.45	15.8
48.42	15.16
47.9	15
48.5	15.19
49.85	15.61
48.5	15.19
50	15.66
50.97	14.72
50.37	14.55
50.97	14.72
51.12	14.76
50.6	14.61
49.7	14.35
50.67	14.63
51.65	14.91
51.42	14.85
51.42	14.85
51.87	14.98
52.02	15.02
51.12	14.76
50.45	14.57
50.15	14.48
49.1	14.18
49.1	14.18
49.32	14.24
50.22	14.5
50.3	14.52
49.17	14.2
50.67	14.63
49.55	14.31
50.3	14.52
50.82	14.68
51.27	14.81
48.95	14.13
47.9	13.83
49.4	14.26
48.57	14.03
48.57	14.03
49.4	14.26
48.87	14.11
49.1	14.18
48.2	13.92
47.75	13.79
48.05	13.87
48.12	13.9
49.62	14.33
48.72	14.07
47.97	13.85
48.72	14.07
48.12	13.9
46.32	13.38
44.07	12.73
44.22	12.77
45.05	13.01
44.15	12.75
44.6	12.88
44.6	12.88
46.77	13.51
45.42	13.12
43.18	12.47
43.32	11.88
46.3	12.69
46.7	12.8
48.15	13.2
46.62	12.78
46.38	12.72
47.43	13
46.54	12.76
44.29	12.14
45.9	12.58
45.25	12.41
45.09	12.36
44.85	12.3
44.61	12.23
47.35	12.98
47.91	13.13
48.72	13.36
48.8	13.38
49.28	13.51
49.28	13.51
48.72	13.36
48.8	13.38
48.39	13.27
48.31	13.25
48.31	12.88
47.83	12.75
48.47	12.92
48.72	12.98
48.31	12.88
48.63	12.96
48.39	12.9
47.43	12.64
45.57	12.15
43.72	11.65
44.29	11.8
43	11.46
42.68	11.37
45.66	12.17
43.72	11.65
43.24	11.52
42.11	11.22
42.43	11.31
41.63	11.09
41.07	10.94
42.6	11.35
41.87	11.16
44.77	11.93
44.93	11.97
44.29	11.8
42.92	11.44
42.68	11.37
43	11.46
42.27	11.27
42.27	11.27
41.39	11.03
41.39	10.96
39.46	10.45
40.02	10.6
37.24	9.86
37.12	9.83
37.56	9.95
40.18	10.64
38.81	10.28
37.48	9.93
36.19	9.58
35.59	9.42
35.51	9.4
34.3	9.08
33.13	8.77
32.01	8.48
30.84	8.17
31.97	8.46
33.82	8.96
36.15	9.57
38.65	10.21
37.84	10
38.65	10.21
38.65	10.19
35.95	9.48
35.03	9.24
34.79	9.17
34.7	9.15
34.95	9.21
32.61	8.6
33.58	8.85
32.85	8.66
31	8.17
30.6	8.07
29.63	7.81
31	8.17
30.03	7.92
32.13	8.47
31.4	8.28
32.93	8.68
32.85	8.66
32.85	8.66
30.56	8.06
29.91	7.89
29.83	7.87
29.95	7.9
32.05	8.45
32.85	8.66
35.15	9.27
36.15	9.53
33.66	8.87
34.99	9.23
35.83	9.45
37.04	9.77
36.23	9.55
36.19	9.54
35.91	9.47
35.31	9.31
34.95	9.21
34.7	9.15
34.95	9.21
34.91	9.2
36.4	9.6
35.75	9.43
37.24	9.82
36.72	9.68
35.87	9.36
33.46	8.73
33.01	8.61
33.01	8.61
33.54	8.75
35.27	9.2
34.62	9.03
33.01	8.61
33.58	8.76
33.38	8.71
33.01	8.61
31.89	8.32
32.37	8.45
33.66	8.78
34.5	9
34.54	9.01
34.14	8.91
35.99	9.39
36.64	9.56
36.11	9.42
37.08	9.67
36.52	9.53
37	9.65
36.92	9.63
35.27	9.2
35.91	9.37
36.56	9.54
35.35	9.22
36.23	9.45
35.43	9.24
35.99	9.39
36.23	9.45
36.19	9.44
36.03	9.4
35.91	9.37
37.04	9.66
37.52	9.79
39.05	10.19
38.85	10.14
37.97	9.91
39.21	10.23
38.85	10.14
39.86	10.4
40.26	10.5
40.26	10.5
40.58	12.92
39.62	12.62
38.41	12.23
40.5	12.9
42.19	13.44
42.03	13.38
41.63	13.26
41.79	13.31
41.87	13.33
41.39	13.18
40.82	13
42.19	13.44
42.35	13.49
42.19	13.44
41.95	13.36
40.42	12.87
42.19	13.44
42.68	13.59
42.43	13.51
42.27	13.46
41.87	13.33
41.31	13.15
40.58	12.92
41.79	13.31
41.55	13.23
40.82	13
41.31	13.15
40.66	12.95
40.66	12.95
41.07	13.08
41.55	13.23
44.45	14.15
47.51	15.13
46.7	20.28
46.3	20.1
45.49	19.76
45.33	19.69
45.25	19.65
44.61	19.37
45.41	19.72
43.88	19.06
44.13	19.16
45.09	19.58
45.9	19.93
45.25	19.65
45.57	19.79
45.25	19.65
44.85	19.48
45.57	19.79
48.63	21.12
47.51	20.63
48.23	20.94
48.15	20.91
46.62	20.24
46.22	20.07
46.46	20.17
45.57	19.79
45.17	19.62
46.86	20.35
46.94	20.38
45.09	19.58
42.92	18.64
43.16	18.74
41.87	18.18
42.43	18.43
42.11	18.29
42.68	18.53
41.31	17.94
42.6	18.5
43.24	18.78
43.8	19.02
43	18.67
44.04	19.13
44.29	19.23
44.37	19.27
44.29	19.23
43.8	19.02
44.61	19.37
43.8	19.02
44.53	19.34
45.17	19.62
44.29	19.23
44.93	19.51
45.85	18.81
46.27	18.98
46.19	18.95
46.87	19.23
47.47	19.47
47.3	19.4
48.33	19.82
48.93	20.07
49.27	20.21
49.52	20.32
48.33	19.82
47.9	19.65
50.38	20.67
49.87	20.46
49.27	20.21
48.67	19.96
48.58	19.93
49.44	20.28
48.84	20.18
49.18	20.32
50.12	20.71
50.38	20.81
49.44	20.42
49.27	20.35
49.1	20.28
49.35	20.39
48.58	20.07
49.95	20.64
50.21	20.74
50.46	22.1
50.29	22.02
50.89	22.28
50.64	22.17
52.18	22.85
50.98	22.32
51.15	22.4
51.32	22.47
53.03	23.22
53.63	23.48
53.03	23.22
54.31	23.78
53.37	23.37
52.6	23.03
53.46	23.41
53.63	23.48
53.46	23.41
53.63	23.48
53.29	23.33
53.46	23.41
53.29	23.33
52	22.77
52.26	22.88
51.92	22.73
54.48	23.86
55.17	24.16
55.6	24.34
53.63	23.48
53.03	23.22
53.37	23.37
53.12	23.26
52.09	22.81
52.26	22.88
52.35	22.92
52.86	23.15
54.31	23.78
54.57	23.9
52.95	23.18
52.52	23
53.03	23.22
52.69	23.07
52.86	23.15
52.6	23.03
52.6	23.03
52.43	22.96
51.75	22.66
51.58	22.58
51.32	22.47
51.15	22.48
50.64	22.26
50.98	22.41
51.06	22.44
51.32	22.56
51.32	22.56
51.75	22.74
53.2	23.38
53.2	23.38
52.86	23.23
53.37	23.46
53.54	23.53
53.8	23.65
53.8	23.65
52.77	23.2
53.03	23.31
53.37	23.46
53.63	23.57
53.03	23.31
51.32	22.56
52.26	22.97
51.92	22.82
52	22.86
52.6	23.12
52.6	23.12
53.46	23.5
53.37	23.46
53.37	23.46
52.43	23.05
53.54	23.53
53.63	23.57
53.63	23.57
52.86	23.23
53.2	23.38
52.95	23.27
53.2	23.38
53.8	23.65
54.23	23.83
54.4	23.91
54.23	23.83
54.48	23.95
54.14	23.8
54.66	24.02
55.17	24.25
55.51	24.4
55.17	24.25
55.51	24.4
54.91	24.14
54.74	24.06
55.17	24.25
54.4	23.91
53.71	23.61
54.06	23.76
54.31	23.87
53.8	23.65
53.46	23.5
53.89	23.68
53.54	23.53
52.26	22.97
51.66	22.71
51.41	22.59
50.98	22.41
51.32	22.56
52.6	23.12
51.15	22.48
50.46	22.18
51.15	22.48
50.55	22.22
48.93	21.5
49.61	21.8
49.1	21.58
50.12	22.03
49.95	21.95
50.46	22.18
51.15	22.48
50.04	21.99
49.78	21.88
50.29	22.11
50.98	17.33
51.23	17.41
51.32	17.44
50.64	17.21
51.66	17.56
52.35	17.79
52.43	17.82
52.52	17.85
52.52	17.85
52	17.67
51.15	17.38
51.06	17.35
51.75	17.59
51.66	17.56
51.32	17.44
50.46	17.15
50.98	17.33
51.83	17.62
52.6	17.88
53.03	18.02
53.2	18.08
53.2	18.08
52.6	17.88
53.12	18.05
53.37	18.14
54.23	18.43
54.31	18.46
53.29	18.11
53.63	18.23
53.97	18.34
53.8	18.28
54.57	18.55
55.08	18.72
53.89	18.31
53.54	18.2
53.71	18.26
53.37	18.14
52.69	17.91
52.77	17.94
54.31	18.46
54.48	18.52
53.12	18.05
52.69	17.91
52.86	17.97
52.69	13.16
52.18	13.03
51.15	12.78
50.89	12.71
50.81	12.69
51.15	12.78
51.41	12.84
51.41	12.84
52.35	13.08
52.35	13.08
50.64	12.65
50.89	12.71
50.72	12.67
50.38	12.59
50.29	12.56
50.46	12.61
49.95	12.48
50.38	12.59
50.21	12.54
50.21	12.54
51.49	12.86
51.15	12.78
51.15	12.78
52	12.99
52.18	13.03
50.64	12.65
50.04	12.5
50.12	12.52
50.81	12.69
51.75	12.93
52.26	13.06
52.52	13.12
53.12	13.27
53.63	13.4
54.14	13.53
53.54	13.38
53.12	13.27
53.03	13.25
52.52	13.12
52.77	13.18
52.18	13.03
51.83	12.95
51.32	12.82
51.58	12.88
52.52	13.12
53.87	12.8
53.51	12.71
54.32	12.91
54.32	12.91
53.78	12.78
53.6	12.74
54.32	12.91
54.23	12.88
53.87	12.8
54.95	13.06
55.31	13.14
55.57	13.21
55.75	13.25
56.47	13.42
56.29	13.38
56.2	13.35
56.65	13.46
56.65	13.46
56.11	13.33
56.02	13.31
55.75	13.25
55.75	13.25
55.66	13.23
54.77	13.01
54.59	12.97
54.86	13.03
54.86	13.03
54.14	12.86
54.05	12.84
54.23	12.88
53.78	12.78
53.6	12.74
54.05	12.84
53.87	12.8
54.05	12.84
53.6	12.74
52.79	12.54
52.88	11.09
52.88	11.09
53.42	11.21
52.97	11.11
53.15	11.15
53.51	11.23
53.78	11.28
54.41	11.42
54.14	11.36
53.33	11.19
53.51	11.23
53.33	11.19
54.77	11.49
54.86	11.51
55.04	11.55
54.41	11.42
55.04	11.55
55.75	11.7
55.57	11.66
53.96	11.32
54.05	11.34
54.59	11.45
54.86	11.51
55.31	11.6
55.75	11.7
55.75	11.7
55.66	11.68
54.95	11.55
55.57	11.68
55.13	11.59
55.57	11.68
55.31	11.63
54.86	11.53
54.86	11.53
55.57	11.68
55.66	11.7
54.41	11.44
54.59	11.47
54.86	11.53
54.86	11.53
55.57	11.68
55.75	11.72
56.02	11.78
55.75	11.72
56.38	11.85
56.47	11.87
57.1	10.71
56.92	10.67
57.46	10.78
57.46	10.78
57.73	10.83
56.92	10.67
57.55	10.79
57.73	10.83
57.28	10.74
56.65	10.62
57.46	10.78
58	10.88
57.37	10.76
56.92	10.67
57.28	10.74
57.37	10.76
57.01	10.69
56.83	10.66
57.91	10.86
57.91	10.86
57.82	10.84
57.01	10.69
58.09	10.89
59.53	11.16
61.42	11.52
61.6	11.55
61.15	11.47
61.15	11.47
62.95	11.8
62.68	11.75
62.41	11.7
62.05	11.64
62.95	11.8
64.03	12.01
65.56	12.29
64.03	12.01
64.12	12.02
64.03	12.01
63.85	11.97
63.67	11.94
63.58	11.92
63.76	11.96
63.49	11.91
63.49	11.91
63.85	11.97
63.94	11.99
64.03	12.01
62.77	11.77
63.85	11.97
65.2	12.23
66.73	12.51
67	12.56
67.36	12.63
67.09	12.58
67.27	12.61
68.16	12.78
69.06	12.95
70.14	13.15
68.7	12.88
67.09	12.58
67.71	12.7
67.45	12.65
67.09	12.58
67.63	12.68
68.61	12.87
67.89	12.73
66.37	12.45
64.75	12.14
64.21	12.04
65.2	12.23
65.2	12.23
64.84	12.16
65.2	12.23
65.65	12.31
66.01	12.38
65.2	12.23
63.85	11.97
63.4	11.89
63.4	11.89
64.21	12.04
63.31	11.87
63.67	11.94
64.57	12.11
63.76	11.96
64.3	12.06
64.21	12.04
63.4	11.89
62.95	11.8
63.22	11.85
61.15	11.47
61.6	11.55
60.61	11.37
61.42	11.52
62.05	11.64
61.69	11.57
61.78	11.59
62.41	11.7
64.03	12.01
63.85	11.97
63.67	11.94
63.22	11.85
63.49	11.91
63.58	11.92
65.56	12.29
65.47	12.28
65.56	12.29
63.94	11.99
63.04	11.82
63.58	11.92
62.77	11.19
62.23	11.09
62.05	11.06
61.24	10.91
62.77	11.19
63.58	11.33
63.76	11.36
63.22	11.27
63.22	11.27
65.02	11.59
65.65	11.7
65.83	11.73
67.09	11.96
66.37	11.64
67.27	11.8
67.45	11.83
67.89	11.91
66.91	11.74
67.45	11.83
68.07	11.94
68.25	11.97
67.36	11.81
67.98	11.92
67.71	11.88
67.62	11.86
67.89	11.91
67.54	11.85
67.27	11.8
67	11.75
66.73	11.7
66.55	11.67
67.54	11.85
68.97	12.1
69.24	12.15
68.7	12.05
69.42	12.18
69.69	12.22
69.69	12.22
69.15	12.13
67.71	11.88
67.18	11.78
68.52	12.02
69.24	12.15
67.89	11.91
66.73	11.7
67.36	11.81
68.25	11.97
67.45	11.83
66.73	11.7
65.56	11.5
64.75	11.36
65.2	11.44
66.98	11.26
67.73	11.39
68.29	11.48
68.95	11.59
68.67	11.55
68.29	11.48
67.17	11.29
68.01	11.44
66.89	11.25
65.95	11.09
67.73	11.39
66.32	11.15
65.57	11.03
65.38	10.99
64.26	10.8
67.17	11.29
67.17	11.29
67.54	11.36
67.54	11.36
69.14	11.62
68.86	11.58
68.48	11.51
67.54	11.36
68.1	11.45
66.98	11.26
65.76	11.06
65.67	11.04
62.48	10.5
61.16	10.28
59.38	9.98
61.73	10.38
62.29	10.47
61.07	10.27
62.66	10.54
61.91	10.41
61.73	10.38
60.41	10.16
59.94	10.08
60.98	10.25
62.66	10.54
63.32	10.65
62.85	10.57
63.7	10.71
65.1	10.95
64.73	11.18
65.1	11.25
64.35	11.12
63.32	10.94
62.48	10.79
62.01	10.71
64.35	11.12
64.45	11.13
65.01	11.23
64.16	11.09
63.04	10.89
64.82	11.2
66.7	11.52
66.79	11.54
66.13	11.43
67.54	11.67
64.73	11.18
63.32	10.94
63.04	10.89
65.57	11.33
65.95	11.39
65.95	11.39
65.67	11.35
64.35	11.12
64.82	11.2
64.82	11.2
64.73	11.18
64.82	11.2
65.67	11.35
66.04	11.41
66.04	11.41
65.95	11.39
66.7	11.52
66.32	11.46
66.7	11.52
65.38	11.3
65.95	11.39
67.26	11.62
67.07	11.59
67.45	11.65
67.45	11.65
68.57	11.85
69.04	13.31
69.23	13.35
69.32	13.36
68.95	13.29
69.98	13.49
70.36	13.56
69.89	13.47
69.51	13.4
68.1	13.13
68.86	13.27
71.2	13.73
71.29	13.74
70.73	13.63
71.01	13.69
69.61	13.42
68.76	13.25
69.42	13.38
68.86	13.27
68.29	13.16
67.17	12.95
69.04	13.31
69.04	13.31
69.98	13.49
71.86	13.85
71.29	13.74
71.58	13.8
70.73	13.63
71.67	13.82
71.58	13.8
69.51	13.4
70.36	13.56
70.54	13.6
69.89	13.47
68.01	13.11
68.2	13.15
68.01	13.11
68.29	13.16
71.29	13.74
70.36	13.56
70.73	13.63
70.36	13.56
70.82	13.65
71.01	13.69
71.11	13.71
71.11	13.71
70.36	13.56
71.01	13.69
71.11	13.71
71.29	13.74
70.92	13.67
70.92	13.67
71.76	13.83
71.76	13.83
72.23	13.92
72.7	14.01
70.64	13.62
70.92	13.67
71.95	13.87
73.83	14.23
73.64	14.2
72.23	13.92
72.04	13.89
71.48	13.78
71.76	13.83
72.61	14
72.61	14
72.7	14.01
73.17	14.1
72.14	13.91
71.86	13.85
72.51	13.98
73.64	14.2
73.64	14.2
75.05	14.47
75.05	14.47
75.05	14.47
74.76	14.41
73.26	14.12
74.2	14.3
76.08	14.67
75.14	14.48
75.05	14.47
74.39	14.34
74.01	14.27
74.58	14.38
74.2	14.3
74.76	14.41
75.05	14.47
75.05	14.47
76.27	15.69
78.05	16.06
78.05	16.06
76.08	15.66
78.52	16.16
78.05	16.06
79.64	16.39
79.92	16.45
80.11	16.49
78.42	16.14
80.49	16.56
80.21	16.51
78.89	16.24
79.64	16.39
79.83	16.43
79.74	16.41
77.95	16.04
78.61	16.18
77.86	16.02
76.92	15.83
77.3	15.91
77.49	15.95
79.64	16.39
79.64	16.39
78.61	16.18
79.74	16.41
80.49	16.56
79.08	16.27
79.08	16.27
79.36	16.33
78.99	16.25
78.8	16.22
80.67	16.6
81.43	16.76
82.93	17.44
83.4	17.53
82.18	17.28
80.3	16.88
79.17	16.65
79.36	16.69
80.02	16.82
80.21	16.86
80.11	16.84
80.21	16.86
78.24	16.45
79.83	16.79
76.73	16.13
77.39	16.27
77.11	16.21
74.2	15.6
75.61	15.9
75.05	15.78
76.55	16.09
77.2	16.23
76.64	16.11
79.83	16.79
74.95	15.76
71.76	15.09
73.36	15.42
72.98	15.35
74.86	15.74
73.08	15.36
75.42	15.86
74.48	15.66
75.05	15.78
74.3	15.62
73.26	15.4
75.8	15.94
75.52	15.88
76.55	16.09
75.61	15.9
75.14	15.8
74.67	15.7
73.83	15.52
74.39	15.64
74.95	15.76
76.27	16.04
78.14	16.43
78.99	16.61
78.99	16.02
78.79	15.98
78.69	15.96
77.82	15.78
76.94	15.6
75.97	15.4
73.64	14.93
73.73	14.95
73.44	14.89
72.76	14.75
72.76	14.75
75.39	15.29
74.61	15.13
72.27	14.65
72.76	14.75
72.57	14.71
74.22	15.05
77.14	15.64
76.85	15.58
78.79	15.98
77.82	15.78
77.62	15.74
78.69	15.96
79.18	16.06
78.3	15.88
80.06	16.23
79.76	16.17
80.44	16.31
80.93	16.41
80.74	16.37
80.64	16.35
79.76	16.17
80.15	16.25
81.32	16.49
80.15	16.25
80.44	16.31
79.76	16.17
80.74	16.37
80.15	16.25
80.44	15.6
80.44	15.6
81.03	15.72
81.61	15.83
81.71	15.85
79.76	15.47
78.89	15.3
81.51	15.81
81.22	15.75
82.1	15.92
82.2	15.94
82.68	16.04
84.14	16.32
84.14	16.32
83.36	16.17
83.65	16.23
82.97	16.09
83.36	16.17
83.75	16.25
83.56	16.21
84.04	16.3
85.21	16.53
87.35	16.94
86.48	16.77
87.16	16.91
87.35	16.94
88.13	17.09
88.52	17.17
86.67	16.81
84.72	16.43
83.17	16.13
83.95	16.28
84.04	16.3
85.11	16.51
85.02	16.49
85.7	16.62
84.34	16.36
83.65	16.23
83.36	16.17
83.07	16.11
82.49	16
84.92	16.47
85.7	16.62
85.6	16.6
86.28	14.73
86.77	14.82
87.45	14.93
87.84	15
87.93	15.02
88.52	15.12
88.03	15.03
88.32	15.08
88.81	15.17
87.84	15
88.03	15.03
87.74	14.98
87.74	14.98
87.55	14.95
87.93	15.02
88.03	15.03
88.81	15.17
92.9	15.86
92.7	15.83
93.67	16
93.28	15.93
93.87	16.03
96.01	16.4
95.23	16.26
93.97	16.05
94.26	16.1
93.97	16.05
95.42	16.3
93.87	16.03
95.62	16.33
95.72	16.35
96.49	16.48
95.72	16.35
94.35	16.11
94.06	16.06
94.65	16.16
93.38	15.95
92.21	15.75
93.09	15.9
92.6	15.81
93.87	16.03
93.38	15.95
92.99	15.88
94.35	16.11
96.88	16.54
98.25	16.78
98.73	16.86
97.76	16.69
96.98	16.56
97.27	16.61
98.25	16.78
98.25	16.78
99.22	16.94
97.76	16.69
96.49	16.48
96.59	16.5
98.73	16.86
97.76	16.69
98.25	16.78
98.25	16.78
97.18	16.59
96.3	16.45
96.59	16.5
98.25	16.78
98.73	16.86
98.73	16.86
98.73	16.86
100.19	17.11
100.19	17.11
102.14	17.44
104.08	17.77
104.08	17.77
106.03	18.11
104.08	17.77
102.62	17.52
104.08	17.77
102.14	17.44
100.68	17.19
101.65	16.3
102.14	16.38
99.22	15.91
101.16	16.22
101.16	16.22
100.19	16.07
100.68	16.15
99.22	15.91
99.7	15.99
101.65	16.3
101.16	16.22
100.19	16.07
97.76	15.68
97.27	15.6
96.11	15.41
96.01	15.4
95.33	15.29
96.79	15.52
96.3	15.44
97.76	15.68
97.27	15.6
97.76	15.68
98.25	15.76
97.76	15.68
97.76	15.68
95.81	15.37
94.84	15.21
95.62	15.34
98.73	15.83
97.76	15.68
96.69	15.51
97.76	15.68
97.27	15.6
97.18	15.59
103.6	16.61
105.54	16.93
103.11	16.54
103.11	16.54
104.08	16.69
105.54	16.93
105.05	16.85
106.51	17.08
107.49	17.24
107	17.16
108.46	17.39
109.43	17.55
111.38	17.86
111.86	17.94
111.38	17.86
111.38	17.86
112.35	18.02
111.86	17.94
110.4	17.09
110.4	17.09
110.89	17.17
109.43	16.94
108.95	16.87
105.05	16.27
106.51	16.49
108.95	16.87
106.51	16.49
107.97	16.72
107	16.57
106.51	16.49
104.57	16.19
106.03	16.42
106.51	16.49
104.57	16.19
105.54	16.34
105.54	16.34
105.05	16.27
101.65	15.74
103.11	15.96
103.11	15.96
103.6	16.04
102.62	15.89
101.16	15.66
100.68	15.59
98.25	15.21
98.25	15.21
98.73	15.29
101.65	15.74
107.97	16.72
105.05	16.27
107	16.57
107	16.11
107	16.11
109	16.42
105	15.81
106	15.96
106	15.96
109.5	16.49
110	16.57
109.5	16.49
108	16.27
109	16.42
105.5	15.89
98.2	14.79
97	14.61
100	15.06
102	15.36
102.5	15.44
102.5	15.44
100	15.06
102	15.36
102.5	15.44
100.5	15.14
100.5	15.14
100.5	15.14
98.8	14.88
97	14.61
96.4	14.52
96.4	14.52
96	14.46
97.2	14.64
96.8	14.58
96	13.66
96.5	13.73
95.5	13.58
94.4	13.43
94.5	13.44
97	13.8
96.8	13.77
95.6	13.6
96.8	13.77
98.7	14.04
100.5	14.3
102	14.51
102	14.51
100.5	14.3
101.5	14.44
102	14.51
103	14.65
104.5	14.86
104.5	14.86
103.5	14.72
102.5	14.58
102.5	14.58
105.5	15.01
105.5	15.01
103	14.65
105.5	15.01
105	14.94
103	14.65
101.5	14.44
103	14.65
100.5	14.3
101.5	14.44
103	14.65
105	14.94
104	14.79
103	14.65
105	14.94
105	14.94
106.5	15.15
105	14.94
107	15.22
106	15.08
107	15.22
110	15.65
110	15.65
111.5	15.86
111	15.79
110	15.65
107	15.22
109.5	15.58
109.5	15.58
110	15.65
109.5	15.58
109.5	15.58
109	15.5
106.5	15.15
107	15.22
107	15.22
106	15.08
104.5	14.86
105	14.94
103	14.65
103.5	14.52
104	14.59
104	14.59
105	14.73
103	14.45
101	14.17
100	14.03
101	14.17
103.5	14.52
105	14.73
105	14.73
105	14.73
104.5	14.66
104	14.59
105	14.73
104	14.59
103	14.45
105	14.73
104	14.59
105	14.73
103	14.45
102.5	14.38
102	14.31
103.5	14.52
101	14.17
102.5	14.38
102	14.31
104	14.59
103	14.45
103	14.45
104	14.59
104.5	14.66
106	14.87
105.5	14.8
104.5	14.66
102.5	14.38
102.5	14.38
102	14.31
104	14.59
101	14.17
102	14.31
103	14.45
103.5	14.52
105	14.73
107	15.01
107.5	15.08
107.5	15.08
106.5	14.94
107.5	15.08
107.5	15.08
108	15.15
105	14.73
100.5	14.1
102	14.31
104	14.59
103	14.45
104.5	14.66
105	14.73
105	14.73
107.5	15.08
108.5	15.22
108	15.15
108	15.15
106.5	14.94
107.5	15.08
107	15.01
108	15.15
107.5	15.08
108	14.88
108	14.88
107.5	14.81
110	15.15
113	15.56
114.5	15.77
113	15.56
114	15.7
113	15.56
116.5	16.05
115	15.84
114	15.7
114.5	15.77
114.5	15.77
112	15.43
112.5	15.5
112.5	15.5
113.5	15.63
115.5	15.91
116	15.98
117.5	16.18
118.5	16.32
119.5	16.46
120	16.53
118.5	16.32
117.5	16.18
119	16.39
119	16.39
119.5	16.46
120	16.53
120.5	16.6
122.5	16.87
121	16.67
120	16.53
123	16.94
121.5	16.74
121.5	16.74
121	16.67
121	16.67
118.5	16.32
119	16.39
120.5	16.6
118.5	16.32
118	16.25
117	16.12
118	16.25
118.5	16.32
119.5	16.46
120	16.53
118.5	16.32
120.5	16.6
122	16.8
122	16.09
122	16.09
121	15.96
121	15.96
120.5	15.9
122	16.09
122	16.09
123	16.23
123.5	16.29
124	16.36
122	16.09
119.5	15.77
122.5	16.16
123.5	16.29
123	16.23
122.5	16.16
123	16.23
124.5	16.42
125	16.49
123.5	16.29
123	16.23
124	16.36
125	16.49
125.5	16.56
126	16.62
124.5	16.42
123	16.23
123	16.23
123.5	16.29
124.5	16.42
125.5	16.56
126.5	16.69
128	16.89
132.5	17.48
134.5	17.74
135	17.81
136	17.94
134.5	17.74
134	17.68
134.5	17.74
