153
239
199
617
2120
1504
981
703
1323
1070
665
963
1678
1704
3161
1320
1109
1625
3541
2949
4275
1250
1552
1396
1569
2791
5797
6099
4182
2708
3904
2576
4689
3683
2929
3639
1542
2687
1344
1787
1372
3792
1701
1444
2731
896
723
1116
1633
683
802
1110
1233
2693
1430
1225
1375
1057
1098
1809
2729
4628
2349
2140
1220
4496
3539
2129
1555
4323
1854
1710
536
891
946
1188
3020
1958
724
1708
4066
2945
1341
2515
1794
3996
1109
1998
962
1555
1678
1037
777
667
1235
1021
728
797
613
645
2135
902
967
1313
702
613
558
1449
633
719
1272
786
767
519
530
298
359
232
1225
856
482
705
711
2420
5018
3551
2391
1556
2280
1424
1458
1217
3513
3864
2383
1503
2442
1173
4122
4431
2356
2334
2636
1958
2940
2456
2422
4091
1223
615
991
2119
2237
1076
781
2204
3983
2336
440
238
4319
2698
2866
4466
3023
2588
1542
1225
921
664
1257
734
944
554
1360
1234
928
1062
794
1804
3202
2734
2290
1908
1684
1397
2290
1378
516
818
2197
1025
2411
1597
3043
1360
5458
3107
3074
2652
3141
1765
2446
2998
4136
5640
2292
2259
1303
2960
1741
2096
3205
2351
1889
1693
3381
2138
1707
1298
1430
2748
3195
1548
2626
1787
3320
2882
2998
4397
1940
2839
4279
3342
3328
1756
4162
3215
2153
2513
3069
2368
1360
1940
1161
3010
2151
1353
3862
2546
3622
3598
2403
1864
1974
1854
2280
1754
2878
2170
4213
3824
1411
2368
2615
3881
3134
3474
2409
3110
3478
3306
2828
3000
1957
2001
1069
1223
1904
2052
2717
3415
4277
2524
2598
5768
2896
2653
1982
4172
3274
2797
4061
3802
2615
5310
3544
3288
3248
2655
2555
2883
1229
2586
5076
1359
2061
2346
1668
993
514
1038
3224
4074
2319
1826
1676
4827
3656
1692
1710
1471
1717
1475
2426
2974
1760
1493
1598
2428
958
1011
1119
698
901
1525
1028
2480
1895
1677
1951
1248
1556
1272
1796
1533
1266
1072
1973
1602
2039
2082
1638
2086
1424
1415
2467
896
2467
1860
1772
1968
1723
2668
3153
1848
3912
2476
1623
1302
1328
1148
1027
1278
1151
976
1012
1217
1659
2083
2045
938
1001
1828
1241
1184
1298
1770
641
950
1018
1570
1091
804
2748
3861
1122
1224
1053
2812
2758
1668
1250
1439
1840
1300
1420
1177
932
2014
1937
799
1082
1644
1182
1137
839
1059
650
1348
3602
2474
2455
2818
1845
2630
2676
1280
1773
3016
2172
883
669
728
705
1488
1599
2561
1990
1390
1741
2131
1330
1920
2267
939
943
558
1496
861
610
522
1671
1230
1124
968
1696
1862
1931
1244
863
721
916
1465
1927
715
2484
1151
2189
1493
796
990
926
807
1394
1179
1230
1640
1175
577
2711
3162
1201
1486
1724
732
735
489
653
926
600
600
1442
2199
1903
1988
1907
2009
1816
513
6351
2950
4978
1736
4868
3775
1583
1331
1333
1718
2546
2358
5310
2785
1121
580
790
1418
1408
985
2313
2403
2822
2151
1121
1653
1175
1530
1566
2652
2877
1215
2779
1527
2522
1866
2688
867
1378
862
1805
2672
895
984
892
1198
1604
1366
1766
1506
1025
1364
1043
1206
1341
441
1190
946
384
460
278
397
541
1070
1095
403
451
284
545
677
6279
1818
1331
3352
2186
1579
1549
1098
1433
712
476
480
474
460
308
710
2686
2855
1194
988
899
771
848
1000
819
1265
927
1740
1998
1129
944
807
722
703
2606
1181
5536
4420
828
1035
2219
1054
1235
901
998
1712
974
2009
2377
2126
2407
1906
1357
1046
1425
968
1673
1066
1072
819
1053
634
1232
1627
887
1159
965
1042
1460
943
1110
1249
1995
1138
720
457
893
1504
2675
2638
3290
1047
1633
1079
978
1492
1420
2258
2353
2867
2010
1826
3982
5941
2035
1621
2516
1837
1265
1173
1601
2515
3442
4256
3446
2091
972
1182
3686
6433
4001
3551
2982
1517
1168
1407
1027
2066
1284
1040
1911
1501
2932
6740
2447
1107
1810
1076
1201
1380
1879
956
1956
5206
2834
2867
2648
3068
2808
1250
1249
2116
2641
2101
3622
3974
1997
4107
3790
1919
1681
1351
1366
3108
3239
3292
1684
1771
2018
1464
2903
1557
2496
1810
1553
1130
1047
2085
1023
1976
2203
1129
2249
1476
1944
1035
3962
4444
3932
5077
4916
4308
2395
1797
2676
1591
1729
5278
4971
2540
3308
1703
1688
2652
1716
2072
1442
1132
2485
1308
2031
1606
1614
1056
1739
2369
3386
1478
1498
3284
1868
2490
3228
2397
1359
1722
1354
1331
1157
2409
1676
4070
2079
2522
1337
1208
1144
1135
610
1460
2487
2535
1405
2299
1206
729
2483
1945
1895
1942
3096
2486
1517
1404
6041
1767
1501
749
1087
2064
1451
1282
3289
1555
1653
931
633
949
3630
2208
2392
1728
1156
1395
1450
1461
1721
1273
1137
2905
2518
1532
1500
1059
2243
5295
2330
3362
3003
2437
3285
2505
2972
3641
1931
2939
3614
2928
2856
2021
3113
2022
1554
2631
3042
2100
3278
2510
2045
2216
3259
1743
1726
3524
6588
4012
2051
1446
2581
2097
1666
1040
1348
1343
1548
914
1321
2101
2412
1953
2276
3349
3466
2333
1600
1557
1783
4495
2532
3007
1873
1640
2555
2979
1320
1477
2314
2075
2453
2708
5755
4049
2614
1890
4023
2105
2752
2256
2616
3041
1696
3079
1320
1365
2364
1279
1342
1239
1892
960
1576
1612
1432
1349
2189
1169
835
1422
1145
1181
2784
1731
633
2023
2245
2828
1715
2691
1439
1482
1581
1479
1848
963
947
1571
1861
1746
1131
947
3631
2477
3434
2465
3098
2530
6434
2815
3603
2876
3543
4386
2741
4150
5207
4493
3797
9475
4270
2761
4580
2736
4471
2321
2332
2362
2480
2314
1922
3302
3849
3207
5458
5919
3317
2760
1914
1464
1790
1937
2014
2012
961
1345
2580
1918
1764
2191
1700
1506
4113
5540
4498
4668
6220
4397
3816
3233
2948
5243
3161
3317
2006
2429
1751
1719
2590
2394
2413
3994
2926
2136
1491
2520
3263
3723
2192
1999
2083
2529
1678
1398
2335
2329
3211
2527
1886
1413
1796
2804
3526
4854
3841
2322
3398
3567
3081
5308
2701
4700
7582
2582
2544
2151
2400
4290
2497
2785
3039
4275
7395
4243
3534
2632
11262
4683
5213
4616
1848
1619
1535
2205
1880
2674
4683
3246
2889
2481
1995
1927
2288
2587
2594
2777
6689
3543
3547
4774
3117
3056
4805
2588
2583
2222
1656
1802
2247
1763
1311
1735
1062
1742
2161
1232
2416
3152
2154
3968
2283
2539
3518
2952
1658
3311
1376
1401
1603
2534
1456
3002
3477
3440
3933
1563
2336
1512
1498
2583
2184
2975
2002
1544
1501
1873
2524
2987
1936
1755
1576
1284
1868
1047
2760
1121
2597
1972
1799
1705
2335
1515
1869
1594
1672
1195
940
1586
1853
1296
1415
1006
5275
3090
1992
1238
1444
1473
1235
894
795
2748
4919
3897
1538
1256
777
1073
1575
1035
993
957
1027
3903
1465
1020
2308
1316
1064
884
1500
1734
1060
912
918
498
1364
783
721
845
802
829
1115
1369
900
617
476
785
4121
1198
755
692
896
4169
5582
2778
1970
904
1464
652
1049
608
3441
921
716
471
766
970
1447
610
522
658
784
1797
1035
1677
1731
1416
1443
1203
677
922
1831
3316
2178
2437
1490
809
1199
1085
1777
1424
2385
1499
894
977
3365
2418
2026
796
1129
1221
1043
712
1049
746
913
996
819
763
474
879
629
1703
723
1572
872
332
773
897
943
1530
464
259
868
352
740
982
649
1995
2068
2069
975
1911
1256
1845
641
1140
870
1444
1464
669
1636
1551
1665
951
3420
1226
461
779
977
1481
511
1318
2605
2072
2265
1546
1051
1004
952
956
878
743
1388
1224
1332
711
1802
2083
1286
2480
2123
939
1321
850
1077
1386
1192
2069
801
1208
719
433
917
1339
994
462
377
1036
902
362
770
836
569
557
1740
2110
1548
1298
725
819
1600
972
959
1194
1562
1930
1720
1091
2235
1268
924
541
1751
922
1736
1944
1602
1769
3166
1154
1192
1379
1807
1373
2635
1672
2386
1661
823
1269
1381
1257
1233
1218
807
1593
1244
2116
841
1220
996
632
1793
1184
2489
1818
1245
1182
1102
552
707
422
789
1075
2469
1265
1111
1230
785
945
956
764
709
456
865
3498
2469
1266
1412
1475
2339
2708
1936
975
1069
1882
2517
741
2079
780
1093
864
2267
1101
797
1138
963
992
664
957
752
533
1239
1473
956
555
1257
1846
2891
2853
1897
2634
2699
2091
2180
1917
1215
1141
949
1124
1414
1257
1143
487
2319
2911
1044
644
819
727
787
1031
747
875
1195
874
1069
1000
1883
1591
1549
925
856
1610
1505
1793
4349
2600
1002
2297
2408
1617
1345
1872
1231
998
1543
1380
1194
1280
702
1106
998
1280
1922
1306
3546
2386
1542
3374
3451
1201
1419
3348
2045
2391
2180
3144
2288
2501
2161
1096
2002
804
997
1168
792
820
913
841
2658
1451
1637
1728
1847
1124
1054
1430
2118
841
1613
2759
3201
1030
773
1217
920
678
682
1030
830
1724
1452
590
761
676
1167
1061
908
1381
923
1657
1122
950
829
1004
566
550
908
2695
2705
1618
1233
840
708
1156
1563
1314
945
1843
1833
1871
1122
1440
1060
856
813
1164
1929
1902
828
1881
1867
909
2881
1404
1902
1046
1344
1243
2804
1255
1125
1745
1946
574
849
626
1747
906
701
1161
592
722
1162
2237
2606
2127
2104
1898
1373
1693
1070
1768
3427
3354
3277
3158
2227
2885
2472
2512
1678
2621
1067
1521
930
1079
3243
2123
2165
2499
1284
2174
1094
1760
565
1058
1789
1518
2325
2317
3742
2666
2303
1818
2199
2090
3732
6481
6008
5997
5123
4528
2629
3227
2571
3322
4193
2441
4540
2809
1845
2585
2870
1281
1797
1358
1661
2001
1457
1380
1555
2406
4074
2439
2560
2834
2606
1941
2571
4504
3542
5236
4912
3362
3251
2304
2494
1755
1488
2070
3899
2531
1991
1751
1468
1350
936
1499
1016
3243
1152
3614
2020
1238
1149
933
1673
1565
1080
2523
2507
1462
2644
1616
1206
1522
1511
1660
1658
1745
1626
1970
2674
2889
2597
1903
1582
1504
2389
2205
1564
5220
12095
5872
5680
3907
3124
1954
2085
4549
2614
1640
3163
2195
1450
1322
1607
2565
2685
1704
1103
1613
2158
1754
1561
1315
956
1371
1449
1362
1102
987
822
731
2890
2519
1603
2832
2833
2543
1907
2348
1655
1496
1426
612
1577
1759
2211
1665
3344
2716
1593
1502
734
812
4135
2975
3632
2246
1663
1810
2277
2422
2186
3779
4569
2510
4649
2534
2211
1191
1833
2554
1699
2474
2466
1758
2240
2561
3740
2544
2044
1148
1072
814
800
979
1786
3202
2497
2178
1760
1435
1393
1611
2267
1897
1366
1057
1580
1646
1060
3357
1637
1733
1715
1511
2558
1792
2044
1074
1313
1069
884
842
2678
1508
1807
855
1064
2429
2260
1584
820
1619
3925
2248
1154
1836
1009
959
1496
755
843
1058
543
876
3428
1915
884
792
919
1818
1688
960
2916
1540
957
960
1816
1343
3269
2214
911
1031
596
1215
622
1521
3299
1970
1366
2104
1899
1036
1044
1839
1536
1616
1319
874
723
790
992
1058
964
1159
1122
964
1403
4449
1315
1295
810
1271
703
1299
3640
4949
3420
2083
1500
1990
2246
1567
1422
1312
1464
940
1015
2139
2734
1928
1277
1197
2240
1706
1280
1512
1916
3767
2234
2440
2053
2738
5335
5584
2949
3534
2282
1734
828
939
851
740
1448
806
2896
2278
1908
3777
3475
2072
1517
1512
2512
2781
2054
2489
1689
2050
1611
2591
5168
2056
2229
4585
2697
2221
4527
2011
2869
2441
1356
2406
1559
2115
1386
697
1246
1365
1336
2023
939
1381
3977
3165
1688
1341
1889
1523
1285
2800
1255
2223
1486
1125
734
916
1828
1879
926
892
620
836
830
1086
1259
1123
1526
1514
1441
892
1061
1972
3311
2230
2923
1673
2746
1493
6029
3644
1778
2010
2794
1266
1043
1570
862
1080
1348
3952
3143
1664
761
1702
1406
1536
2068
819
2188
1026
1185
1671
1181
1535
851
1346
1474
3110
1637
2466
1718
1036
1216
1300
1881
3303
1478
2454
1718
1749
1760
1498
878
1021
2029
2308
2010
2175
2348
3053
1338
1318
1288
1249
2003
4001
2439
2915
2803
2886
1604
5017
2319
1374
801
1043
827
1172
811
979
467
1739
2026
805
1224
976
1234
1069
1702
1584
1052
1599
2013
718
1465
615
886
697
1456
2062
891
745
4496
3411
1619
1273
3046
2046
1167
1024
1982
900
1273
781
731
821
525
1337
813
954
560
817
936
1147
793
1322
1089
652
707
653
898
1102
677
681
784
602
1810
1631
538
1319
1052
658
518
256
771
484
349
389
336
2434
1099
1143
718
346
731
337
686
970
466
534
573
1561
2009
984
616
1416
699
516
430
653
1026
745
1186
842
808
580
339
581
612
718
715
965
1288
1095
1523
1154
959
807
701
1737
843
1101
981
932
847
2338
1425
1011
1047
1276
529
883
908
824
349
387
353
533
711
572
1718
1223
583
1705
2304
1211
904
1230
876
1140
631
512
726
646
417
353
529
1305
463
1171
454
412
1049
765
753
511
1305
1147
927
613
1479
1134
1088
848
773
1128
882
659
422
323
1362
1244
1292
1934
1547
1097
1017
963
505
1132
1256
783
447
507
729
601
558
1102
933
1958
430
364
1443
652
802
589
726
704
650
747
501
1274
417
566
445
314
464
438
585
917
1457
894
1237
886
657
520
388
1064
757
1309
926
682
913
592
969
1447
1331
814
900
938
1566
2155
1285
733
913
2025
1555
1377
891
815
824
818
1350
1341
751
1258
1293
864
545
521
608
309
780
695
634
759
401
1279
925
617
679
449
983
911
789
958
756
507
501
2059
1499
697
1302
753
686
681
767
769
1678
2108
1801
1549
1535
1083
1857
1565
1288
1191
1100
1114
988
2063
1833
2603
2527
1263
2197
1998
1334
1979
2184
1683
939
847
1289
1535
1157
1808
1652
1513
1188
1465
1539
978
605
564
1731
2483
1342
1030
1086
1772
1411
743
1362
1278
1422
831
1059
1389
1137
825
1289
1029
845
1004
1235
1163
1486
467
778
621
251
354
147
1221
773
335
833
1430
1234
1360
1107
486
573
576
617
1999
912
1967
1422
740
2064
1004
848
499
1228
847
526
1139
995
496
1606
686
695
663
377
619
933
497
839
667
527
338
631
1188
853
869
916
618
361
412
769
809
818
676
442
425
354
773
610
995
568
797
433
474
474
554
548
405
815
1434
942
1161
1734
1027
1325
1103
1018
741
690
