TSMC	TWI
2.27	6866.32
2.42	6830.47
2.58	6895.93
2.76	6928.58
2.95	6987.2
3.15	6999.82
3.36	6967.48
3.59	6955.02
3.82	7025.18
4.08	6989.97
4.04	6981.2
4.04	7048.24
4.08	6999.44
3.99	6889.88
4.13	6930.28
4.04	6922.02
4.01	7025.76
4.04	7029.1
4.06	7101.13
4.04	7091.13
4.06	7135.12
4.06	7183.75
4.11	7179.92
4.18	6944.59
3.94	6653.32
3.99	6620.36
3.73	6214.48
3.78	6124.71
3.96	6495.78
3.96	6626.39
3.96	6567.77
3.99	6695.46
3.99	6731.23
3.96	6755.53
3.89	6669.1
3.92	6761.37
3.87	6839.78
3.82	6770.96
3.78	6742.39
3.75	6685.87
3.68	6594.97
3.75	6604.98
3.82	6526.47
3.73	6201.21
3.75	6342.66
3.73	6306.29
3.78	6369.11
3.75	6372.21
3.73	6320.02
3.73	6348.2
3.8	6449.99
3.82	6444.68
3.82	6482.68
3.82	6393.27
3.82	6381.8
3.8	6346.78
3.78	6297.88
3.78	6350.71
3.82	6449.68
3.8	6404.62
3.78	6345.27
3.75	6371.48
3.75	6340.02
3.8	6421.82
3.78	6439.65
3.75	6384.2
3.78	6388.1
3.75	6363.72
3.78	6444.05
3.75	6479.82
3.92	6750.22
3.87	6709.47
3.87	6777.68
3.82	6775.38
3.8	6763.01
3.75	6722.51
3.75	6722.4
3.71	6697.57
3.68	6681.9
3.68	6823.13
3.66	6811.99
3.68	6937.33
3.73	7055.3
3.71	6925.28
3.68	7010.6
3.71	6965.68
3.66	6857.95
3.66	6994.11
3.66	6982.91
3.68	6947.83
3.68	7027.43
3.68	7111.1
3.71	7124.66
3.66	7051.49
3.63	6919.31
3.63	6915.4
3.56	6869.08
3.54	6756.88
3.53	6777.24
3.49	6609.5
3.45	6582.4
3.3	6511.3
3.25	6536.65
3.23	6515.79
3.27	6623.52
3.42	6598.02
3.34	6372.01
3.46	6431.99
3.3	6295.04
3.28	6167.79
3.37	6299.62
3.33	6307.85
3.37	6328.38
3.49	6417.28
3.48	6531.82
3.46	6526.74
3.47	6543.42
3.5	6554.78
3.54	6565.24
3.52	6498.21
3.5	6504.59
3.59	6576.25
3.68	6646.55
3.73	6646.25
3.68	6650.29
3.61	6612.97
3.68	6633.03
3.73	6603.88
3.71	6552.95
3.78	6596.07
3.8	6591.36
3.68	6388.57
3.66	6509.33
3.49	6337.83
3.56	6450.39
3.61	6516.83
3.66	6530.74
3.68	6474.94
3.75	6480.76
3.71	6426.07
3.75	6388.36
3.78	6453.52
3.78	6480.98
3.85	6503.18
3.8	6480.31
3.87	6555.19
3.87	6564.66
3.92	6594.26
3.87	6587.96
3.92	6541.58
3.89	6524.87
3.89	6479.01
3.92	6441.85
3.92	6433.44
4.01	6401.39
4.08	6470.28
4.13	6464.76
4.37	6514.46
4.44	6524
4.39	6573.54
4.48	6575.71
4.39	6518.83
4.37	6552.49
4.39	6528.98
4.41	6497.06
4.44	6462.34
4.37	6417.58
4.25	6356.55
4.13	6247.75
4.15	6112.07
4.06	6106.56
4.08	6109.6
4.06	6136.54
4.04	5943.21
4.08	5987.93
4.15	5963.86
4.11	5803.14
4.08	5735.23
4.08	5898.53
4.11	5825.99
4.11	5803.78
4.11	5789.98
4.08	5771.81
4.08	5779.68
4.06	5699.14
3.87	5574.99
3.94	5642.16
3.99	5674.53
4.11	5775.15
4.11	5765.42
4.15	5776.18
4.15	5740.02
4.34	5844.29
4.32	5828.21
4.32	5799.88
4.3	5771.46
4.32	5758.53
4.3	5757.65
4.32	5730.94
4.3	5705.5
4.34	5705.03
4.37	5645.71
4.41	5618.99
4.37	5561.15
4.27	5524.07
4.18	5597.44
4.25	5647.07
4.41	5674.55
4.44	5714.33
4.39	5671.18
4.46	5678.31
4.48	5681.58
4.53	5641.02
4.58	5609.79
4.55	5641.19
4.58	5620.94
4.63	5513.7
4.48	5413.74
4.37	5360.09
4.54	5443.43
4.43	5341.2
4.37	5249.88
4.39	5317.04
4.41	5238.79
4.54	5361.21
4.63	5490.79
4.76	5629.44
5.08	5646.83
5	5593.01
5.13	5495.88
5.3	5444.63
5.45	5444.97
5.1	5312.94
5.21	5320.25
5.23	5482.32
5.26	5478.18
5.3	5598.74
5.17	5591.77
5.15	5569.83
5.21	5594.87
5.13	5624.69
5.26	5593
5.17	5549.7
5.13	5505.98
4.93	5429.4
4.95	5416.94
4.8	5187.79
4.65	5047.72
4.67	5058.7
4.71	5116.91
4.65	5134.4
4.34	4994.7
4.37	5001.6
4.67	5279.32
4.65	5297.11
4.56	5218.42
4.47	5180.42
4.34	5199.63
4.15	5042.79
4.3	5051.15
4.34	5071.89
4.19	4823.86
4.26	4919.11
4.3	4917.09
4.19	4729.37
4.28	4769.85
4.21	4551.89
4.41	4648.37
4.3	4503.37
4.37	4591.41
4.6	4792.39
4.67	4825.78
4.71	4830.34
4.67	4742.81
4.67	4773.38
4.73	4807.21
4.63	4753.37
4.47	4654.39
4.47	4670.61
4.5	4650.44
4.56	4730.56
4.6	4768.4
4.63	4832.48
4.58	4809.93
4.58	4785.29
4.58	4860.91
4.67	4937.02
4.67	4965.27
4.76	5111.82
4.8	5133.44
4.91	5182.51
4.8	5063.82
4.78	5067.75
4.73	4986.99
4.78	4956.02
4.82	4995.53
4.71	4962.54
4.89	5040.15
4.82	5045.25
4.8	4994.39
4.78	4980.03
4.71	4991.57
4.73	5160.16
4.67	5094.42
4.5	5078.42
4.28	5013.43
4.26	5033.06
4.19	5045.62
4.17	5035.79
4.24	5086.45
4.21	5100.47
4.28	5213.73
4.28	5207.12
4.26	5260.78
4.04	5165.36
4	5108.93
4.08	5115.82
3.95	5015.61
4	5038.98
4.06	5081
4.04	5033.07
4.06	4941.42
4.02	4953.56
4.02	4937.98
4.04	4975.44
4.06	4995.79
4.04	4990.57
3.97	4936.77
3.82	4897.45
3.65	4817.04
3.65	4801.66
3.76	4826.64
3.78	4819.99
3.78	4814.35
3.82	4862.59
3.76	4825.19
3.67	4773.7
3.69	4717.48
3.67	4694.96
3.71	4718.6
3.69	4630.97
3.61	4608.7
3.54	4639.28
3.34	4566.08
3.43	4583.49
3.41	4565.72
3.52	4621.67
3.5	4629.27
3.43	4574.83
3.43	4586.75
3.52	4663.81
3.61	4769.04
3.61	4766.69
3.61	4700.88
3.61	4777.2
3.67	4809.94
3.61	4745.89
3.63	4772.97
3.54	4722.93
3.61	4748.64
3.71	4836.04
3.71	4884.92
3.69	4958.13
3.71	4959.4
3.71	5018.01
3.71	5064.99
3.65	5053.9
3.63	5029.61
3.63	5112.92
3.58	5082.17
3.56	4964.84
3.56	5093.85
3.65	5091.94
3.67	5163.28
3.61	5105.37
3.61	5071.55
3.63	5108.18
3.71	5158.65
3.69	5173.73
3.63	5146.04
3.39	4799.3
3.37	4847.21
3.43	4934.86
3.39	4911.99
3.3	4862.35
3.3	4942.62
3.24	4962.8
3.3	5025.3
3.34	5027.01
3.3	5015.36
3.28	5017.48
3.26	5028.2
3.28	5016.76
3.39	5037.25
3.39	5039
3.39	5008.25
3.37	5013.72
3.3	4940.07
3.32	4935.09
3.34	4861.53
3.26	4692.3
3.32	4803.8
3.32	4763.4
3.32	4775.28
3.34	4791.32
3.34	4790.08
3.34	4759.25
3.28	4690.22
3.3	4758.83
3.26	4741.46
3.45	4764.95
3.43	4776.03
3.54	4866.81
3.58	4857.27
3.54	4836.39
3.54	4809.02
3.5	4865
3.5	4837.63
3.48	4775.86
3.39	4769.64
3.3	4751.19
3.37	4797.67
3.45	4877.38
3.41	4854.9
3.37	4855.23
3.21	4792.74
3.11	4725.81
3.04	4750.74
3.08	4805.09
3.08	4809.51
2.95	4711.43
2.8	4692.4
2.91	4751.08
3.08	4851.65
3.13	4936.31
3.15	4940.85
3.17	4941.42
3.26	4950.32
3.34	5040.52
3.41	5042.28
3.37	5066.55
3.32	5067.51
3.32	5092.92
3.28	5043.11
3.26	5032.35
3.28	5127.49
3.32	5175.75
3.52	5377.19
3.61	5581.13
3.54	5599.8
3.63	5589.72
3.69	5768.03
3.58	5712.5
3.61	5945.06
3.84	6070.63
3.82	6122.46
3.82	5938.22
4.02	6087.98
4.19	5942.8
4.08	5945.67
4	5927.52
4.06	6052.85
4.28	5907.01
4.24	5986.81
4.17	5970.15
4.21	6051.21
4.32	6115.92
4.54	6182.7
4.47	6134.28
4.43	6114.14
4.47	6081.71
4.54	6131.45
4.83	6141.84
5.15	6086.37
5.23	6025.19
5.19	6019.87
5.03	5965.02
4.99	6035.21
4.99	6145.77
5.11	6127.19
5.11	6155.83
5.03	6095.41
5.03	6096.93
4.91	6022.72
4.87	6021.18
4.67	5774.89
4.67	5729.48
4.67	5732.99
4.71	5790.76
4.75	5934.81
4.79	5909.41
4.75	5898.45
4.63	5859.54
4.55	5876.43
4.51	5892.92
4.51	5966.82
4.51	5983.39
4.47	5973.49
4.43	5921.92
4.39	5951.86
4.43	6019.05
4.43	6096.54
4.59	6109.22
4.55	6073.09
4.51	6125.79
4.63	6301.82
4.91	6376.1
5.03	6314.74
5.07	6412.4
5.03	6423.11
4.83	6323.76
4.75	6380.07
4.59	6355.66
4.71	6401.35
4.63	6431.25
4.59	6384.07
4.67	6380.87
4.79	6537.2
4.59	6507.05
4.63	6560.41
4.55	6497.83
4.55	6435.41
4.47	6428.4
4.47	6441.02
4.43	6380.75
4.23	6327.46
4.15	6328.23
4.19	6225.59
4.31	6247.19
4.23	6226.26
4.23	6116.88
4.23	6062.52
3.99	5955.5
3.99	6102.73
3.99	6122.2
4.11	6192.28
4.07	6210.61
4.03	6159.08
4.03	6086.16
4.07	6095.74
3.99	6034.07
4.03	6053.7
4.15	6173.95
4.07	6123.05
4.03	6106.97
4.11	6160.99
4.07	6106.87
4.07	6083.66
4.11	6266.98
4.19	6261.46
4.35	6341.93
4.31	6315.66
4.23	6314.88
4.27	6317.62
4.23	6325.16
4.19	6373.93
4.23	6284.93
4.31	6249.61
4.27	6228.62
4.15	6047.51
4.19	6057.44
4.27	6177.78
4.23	6160.82
4.23	6200.22
4.19	6190.56
4.15	6200.48
4.19	6232.53
4.23	6256.76
4.31	6312.43
4.43	6309.82
4.39	6324.6
4.43	6342.17
4.47	6257.97
4.47	6228.78
4.51	6304.96
4.43	6290.23
4.43	6371.97
4.43	6435.43
4.35	6415.76
4.27	6455.44
4.19	6425.68
4.23	6471.63
4.19	6464.55
4.27	6518.46
4.27	6478.44
4.31	6499.02
4.31	6535.59
4.27	6499.52
4.23	6490.09
4.23	6453.98
4.23	6477.85
4.27	6438.52
4.35	6508.17
4.27	6504.68
4.27	6513.73
4.27	6538.24
4.27	6611.58
4.27	6616.21
4.31	6644.66
4.31	6620.42
4.27	6584.91
4.27	6587.86
4.31	6578.36
4.31	6625.44
4.35	6626.41
4.31	6616.38
4.27	6551.26
4.27	6494.34
4.27	6475.42
4.23	6431.95
4.23	6441.15
4.23	6426.3
4.27	6437.06
4.23	6458.91
4.19	6424.72
4.15	6359.67
4.23	6426.09
4.39	6455.11
4.39	6562.94
4.59	6622.61
4.59	6604.14
4.59	6653.65
4.51	6629.68
4.43	6581.96
4.43	6583.08
4.39	6571.12
4.55	6577.29
4.51	6601.63
4.43	6587.44
4.47	6596.1
4.47	6659.72
4.55	6687.88
4.55	6729.36
4.51	6692.49
4.63	6761.39
4.79	6842.16
4.79	6938.87
4.83	6927.77
4.87	6932.96
4.75	6876.41
4.63	6765.93
4.67	6826.06
4.75	6982.81
4.71	6936.39
4.63	6943.64
4.59	6919.49
4.51	6806.81
4.47	6779.61
4.47	6808.83
4.55	6841.03
4.55	6802.74
4.59	6825.62
4.55	6825.1
4.59	6889.19
4.55	6891.42
4.55	6855.57
4.51	6896.52
4.59	6859.4
4.51	6890.66
4.51	6900.49
4.51	6932
4.51	6935.72
4.51	6889.03
4.51	6863.02
4.55	6903.9
4.51	6926.27
4.51	6933.94
4.43	6820.35
4.43	6844.75
4.51	6875.02
4.51	7019.43
4.51	7010.76
4.51	7094.77
4.51	7118.07
4.63	7189.47
4.55	7137.76
4.55	7165.46
4.59	7206.42
4.55	7173.42
4.51	7154.2
4.51	7254.32
4.51	7251.04
4.51	7290.77
4.51	7219.55
4.55	7248.01
4.51	7212.28
4.51	7156.96
4.47	7146.21
4.47	7149.54
4.51	7221.98
4.51	7283.4
4.59	7315.39
4.59	7346.88
4.63	7410.47
4.95	7424.1
5.07	7536.28
4.87	7499.51
4.87	7598.93
4.87	7687.18
4.83	7642.03
4.83	7656.85
4.79	7678.04
5.03	7791.19
4.87	7739.94
4.87	7908.61
4.95	7887.36
4.83	7730.49
4.95	7832.07
4.99	7875.32
4.95	7983.71
5.07	7880.45
5.39	7956.57
5.27	8019.46
5.23	8081
5.19	8162.68
5.15	8182.44
5.11	8174.18
5.11	8246.64
5.15	8255.07
5.15	8268.15
5.11	8275.57
5.15	8291.31
5.31	8426.42
5.35	8526.2
5.19	8441.52
5.23	8492.67
5.11	8230.07
5.03	8234.07
5.03	7946.88
5.07	7843.43
5.23	8029.33
5.27	8089.71
5.51	8119.7
5.63	8004.2
5.74	8163.41
5.59	8203.89
5.82	8367.57
6.22	8517.7
6.3	8460.63
6.34	8655.82
6.34	8584.12
6.78	8593.08
6.82	8487.89
6.66	8639.37
7.1	8616.11
7.38	8614.78
7.22	8492.1
6.74	8326.53
6.58	8302.25
6.7	8421.87
6.78	8430.62
7.22	8576.94
7.02	8629.23
7.14	8654.19
7.34	8661.72
7.22	8660.76
7.46	8592.44
7.5	8485.66
7.22	8187
7.7	8314.67
7.66	8269.43
7.78	8294.27
8.26	8427.07
8.18	8349.85
8.74	8233.37
9.14	8274.19
8.82	7966.64
8.98	7952.12
8.62	8181.62
8.02	7996.1
7.78	8081.79
8.14	8141.12
8.3	8107.54
8.06	7996.75
8.38	8022.89
8.46	8150.66
8.78	8144.38
8.86	8178.7
9.02	8194.66
8.86	8123.26
9.26	8058.46
9.34	7997.65
9.53	8004.49
9.5	8163.11
9.5	8197.3
9.93	8255.78
10.25	8282.91
9.93	8231.3
10.17	8342.94
10.77	8367.46
10.73	8392.98
10.41	8267
11.13	8259.28
11.75	8315.02
11.68	8502.18
12.48	8640.45
13.27	8679.24
13.58	8713.49
12.78	8636.29
13.46	8882.13
13.21	8833.83
14.13	8925.12
14.93	8918.17
15.23	8956.41
14.68	8871.76
14.74	8984.59
15.48	9024.48
15.11	9030.28
14.07	8996.72
14.44	9027.63
14.68	9192.57
14.99	9258.63
15.11	9322.84
14.93	9305.27
15.54	9362.68
15.54	9429.74
15.97	9394.63
16.03	9501.08
16.82	9593.54
17.07	9555.98
18.23	9544.56
18.17	9571.8
19.33	9677.4
18.84	9749.3
18.17	9833.77
17.01	9550.4
16.39	9381.06
17.5	9632.42
18.72	9808.91
19.33	9869.25
19.09	9923.05
17.86	9892.34
18.35	9942.79
18.96	10066.35
18.72	10001.56
19.21	10048.9
19.94	10065.76
19.33	9919.68
18.72	9861.47
18.47	9840.88
19.7	9923.84
19.45	9993.54
18.47	9897.27
18.72	9807.74
17.43	9556.12
17.43	9632.34
18.6	9770.8
18.6	9706.57
18.6	9712.45
19.21	9855.16
20.06	10025.13
19.94	10020.55
20.8	9965.42
20.8	10011.47
20.55	10116.84
19.7	10050.67
19.09	9827.49
19.7	9756.47
18.47	9504.99
18.11	9211.67
19.21	9460.76
18.47	9147.85
19.09	9290.39
18.84	9382.73
18.35	9149.29
18.05	9079.36
18.11	9145.18
17.8	9115.1
17.68	9155.24
16.94	9093.84
16.33	8932.02
17.13	9087.55
17.62	9141.33
18.11	9243.71
18.11	9201.21
17.86	9220.99
17.25	9073.77
17.25	8994.02
16.52	8791.81
16.21	8719
17.07	8829.38
16.76	8708.83
17.25	8695.02
17.43	8504.66
17.8	8537.18
17.92	8380.83
17.37	8392.59
17.01	8221.35
17.31	8255.82
17.98	8461.87
19.21	8463.16
19.21	8429.35
18.6	8262.4
17.74	7997.81
17.01	7832.15
15.84	7618.45
14.74	7316.78
15.72	7734.05
14.93	7692.47
15.29	7825.01
14.74	7719.04
14.19	7662.53
13.21	7210.01
12.3	7089.56
11.93	7313.4
12.72	7646.35
13.58	7785.32
14.5	7864.22
15.48	8076.77
15.42	7860.09
14.44	7670.76
15.42	7767.14
15.29	7712.16
14.8	7554.94
14.56	7482.92
14.56	7492.26
15.42	7690.54
14.93	7644.97
15.35	7705.4
14.93	7693.29
15.05	7773.35
15.05	7907.49
14.68	7756.25
14.93	7759.97
14.62	7698.24
14.8	7762.15
14.68	7797.19
13.7	7400.64
14.13	7679.53
14.5	7902.51
14.99	8050.13
14.8	8166.87
15.11	8243.76
15.84	8402.17
15.42	8333.49
15.54	8503.55
15.11	8270.58
15.17	8398.27
14.93	8343.88
14.8	8241.49
14.44	8193.65
14.5	8347.2
14.01	8255.05
13.27	8092.58
13.7	8154.27
13.34	8104.03
13.34	8038.31
13.82	8075.05
13.58	8132.5
13.46	8104.64
13.46	8076.65
13.64	8145.77
13.7	8187.27
13.95	8159.11
13.7	8028.63
13.82	7966.18
13.64	7835.56
13.58	7778.16
13.27	7737.2
12.36	7375.14
12.36	7513.24
13.21	7798.25
13.34	7770.77
13.21	7799.1
13.52	7895.48
13.27	7847.62
13.7	7907.68
14.62	8098.65
14.38	8085.47
15.35	8405.11
16.39	8514.18
17.13	8470.61
17.43	8621.97
16.82	8544.14
17.37	8683.46
17.13	8634.61
17.37	8567.66
17.86	8713.42
18.17	8800.02
17.5	8706.46
17.86	8708.29
18.35	8782.09
18.84	8837.34
19.58	8978.51
19.7	9037.48
19.58	9088.81
19.21	9147
20.19	9066.46
19.94	9027.1
20.68	9229.19
20.43	9202.56
20.31	9277.09
20.06	9211.83
19.21	8977.54
18.35	8765.32
18.84	8847.65
18.35	8850.74
18.11	8887.36
18.6	8897.27
19.09	9030.55
18.84	9056.37
19.09	9055.51
19.7	9065.3
19.7	9045.55
19.21	8952.66
19.45	8859.41
19.58	8904.23
19.21	8856.06
18.72	8757.59
19.09	8806.85
19.82	9040.75
19.58	9014.17
19.94	9095.83
19.7	9088.96
19.82	9091.16
19.7	9041.5
19.7	9013.1
19.94	9134.06
19.94	9239.48
19.7	9266.68
19.7	9263.44
19.21	9090.31
18.72	9054.02
17.98	8863.11
17.74	8764.58
18.11	8807.31
17.92	8780.21
17.19	8619.49
17.92	8725.94
17.13	8508.56
17.37	8440.2
17.74	8636.51
18.05	8613.96
17.98	8636.11
17.43	8471.62
17.43	8434.67
17.37	8348.35
17.43	8304.21
17.37	8293.46
17.56	8360.6
17.07	8330.15
17.25	8325.64
17.01	8290.37
17.01	8210.84
17.5	8378.88
17.25	8278.43
17.31	8202.9
17.62	8193.5
17.8	8167.5
17.5	8066.16
17.25	8134.89
17.25	8136.27
17.37	8267.49
17.25	8369.32
17.25	8384.91
16.82	8314.09
16.15	8178.39
15.48	8068.17
15.6	8124.5
14.86	7903.34
13.95	7606.25
13.46	7565.64
13.64	7643.2
12.85	7425.96
13.34	7505.58
13.64	7636.73
13.46	7591.27
13.09	7455.63
12.42	7223.13
12.11	7210.74
12.42	7117.11
13.1	7283.83
13.19	7404.27
13.46	7466.38
14.37	7768.31
15	7754.43
14.82	7817.27
14.1	7692.91
13.83	7633.36
13.74	7670.71
13.92	7722.64
13.46	7681.96
12.83	7535.73
12.83	7548.81
13.65	7817.11
13.1	7758.63
13.1	7876.24
13.28	7894.85
13.01	7845.97
13.19	7936.82
13.55	7947.53
13.28	7883.16
12.83	7815.53
12.83	7789.22
13.1	7875.91
13.37	7924.84
13.83	8032.86
14.01	8039.8
14.28	8047.67
13.74	7949.2
13.92	7881.06
13.92	7879.89
14.19	7902.4
14.19	7890.3
14.28	7830.14
14.28	7775.33
14.28	7730.43
14.1	7653.51
14.1	7622.68
13.92	7599.04
13.92	7593.14
13.92	7499.73
13.83	7471.74
14.01	7530.02
13.83	7372.12
13.74	7383.98
13.55	7351.51
13.65	7362.55
13.55	7348.04
13.46	7371.84
13.1	7273.85
12.38	7181.59
12.83	7293.4
12.74	7270.84
12.47	7213.37
11.66	6957.75
11.66	6908.33
11.57	6814.33
11.66	6813.3
11.39	6723.77
11.39	6735.92
11.11	6550.11
10.66	6335.09
11.11	6471.68
10.39	6251.38
10.39	6463.15
11.11	6755.71
11.11	6800.73
11.39	6942.26
11.57	6894.57
11.57	6803.83
11.3	6841.83
11.3	6860.17
11.3	6857.96
11.48	6972.54
11.57	7000.52
11.39	6961.76
11.48	7149.59
11.39	7029.4
11.48	7033.99
11.66	6962.17
11.75	6979.95
11.84	6979.89
12.11	6910.61
12.29	6884.5
11.93	6833.95
11.39	6702.06
10.84	6436
11.11	6619.97
10.75	6534.65
10.84	6674.89
11.39	6970.23
11.11	6944.17
11.21	6920.45
11.39	6909.22
11.3	6819.12
11.39	6799.88
11.66	6901.19
11.66	6904.56
11.3	6848.72
11.48	7021.42
11.21	6987.79
11.3	7055.46
11.3	7050.32
11.3	7036.63
11.39	6962.09
11.39	7016.89
11.84	7101.46
12.2	7165.98
12.65	7218.09
12.38	7071.44
12.02	6905.32
12.47	6957.27
12.38	6889.65
12.47	6978.72
12.38	6957.4
11.93	6812.3
11.75	6654.79
12.11	6829.62
12.38	7003.87
13.19	7131.9
13.37	7100.14
14.28	7300.34
14.46	7380.53
14.1	7366.11
13.83	7312.26
14.73	7435.84
15	7213.5
14.91	7377.86
14.55	7320.12
14.19	7177.22
13.92	7102.37
13.92	7157.22
14.1	7140.11
14.46	7201.84
14.55	7303.34
14.28	7212.68
14.28	7117.91
14.01	7048.57
13.74	6939.74
13.01	6889.5
13.01	6936.82
12.65	6769.52
12.47	6650.64
12.65	6636.66
12.74	6478.11
12.83	6558.28
13.55	6782.68
13.37	6688.65
13.37	6683
12.92	6481.65
12.92	6478.27
12.92	6462.03
12.83	6418.43
12.29	6152.43
12.74	6199.91
13.55	6404.31
13.74	6421.75
14.46	6406.99
14.46	6363.89
14.91	6319.34
14.82	6241.32
15.72	6454.6
15.72	6483.3
15.9	6377.25
15.45	6343.36
15.45	6310.71
15.54	6332.2
15	6228.95
14.55	6033.21
15.18	6115.64
15.27	6138.87
15.36	6063.41
15.27	5984
15.18	5998.32
14.64	5862.79
14.37	5749.64
14.82	5743.86
14.46	5514.89
14.64	5474.79
14.82	5710.18
14.64	5822.98
14.46	5723.73
14.28	5798
15.18	6072.33
15.45	6313.63
15.09	6180.94
15.81	6238.87
15.81	6275.53
15.99	6318.52
15.81	6312.25
15.36	6263.54
15.54	6403.14
15.27	6393.74
15.45	6383.09
15.63	6421.73
15.9	6431.96
15.9	6493.43
16.27	6486.61
16.18	6436.8
16.54	6462.73
17.62	6598.32
18.07	6672.23
18.98	6757.07
19.7	6895.01
19.61	6997.29
19.61	6993.38
19.79	7043.23
18.98	6945.48
18.8	6889.42
18.89	6941.38
19.34	7033.25
18.89	6901.68
18.98	6898.66
18.8	6881.72
19.34	7018.68
19.61	7232.51
19.07	7182.2
19.43	7163.99
19.52	7135.89
20.78	7273.41
21.05	7265.7
21.69	7242.4
21.51	7337.85
21.33	7398.65
21.24	7498.17
20.42	7466.82
20.78	7581.5
20.96	7623.18
21.05	7627.74
20.6	7474.16
20.96	7494.6
21.15	7612.8
21.51	7629.09
21.42	7550.13
21.24	7496.61
19.79	7289.62
19.97	7371.17
19.34	7383.26
19.97	7588.04
19.52	7572.16
19.7	7560.05
19.16	7469.33
18.98	7484.37
19.16	7474.45
19.7	7448.41
19.7	7416.2
20.33	7592.53
20.06	7576.64
20.24	7599.76
19.88	7585.51
19.61	7614.6
19.97	7608.88
20.69	7606.69
21.05	7588.23
21.42	7417.03
21.6	7426.63
21.6	7469.01
21.24	7387.37
21.15	7419.7
21.15	7316.57
21.05	7397.62
21.51	7488.03
21.69	7572.91
22.32	7590.44
22.77	7639.3
23.77	7802.69
25.3	7892.13
25.84	7957.71
25.75	7996.76
24.58	7979.4
24.94	7973.58
26.36	7960
27.26	8059.02
29.07	8274.36
28.62	8413.48
28.84	8608.91
28.16	8492.32
29.07	8589.31
27.6	8265.96
27.6	8281.45
28.62	8514.27
27.83	8467.37
27.94	8572.09
27.26	8563.55
27.38	8593.35
27.94	8454.49
28.62	8470.07
28.5	8592.43
28.05	8550.27
27.71	8463.9
27.04	8204.5
25.91	7888.66
26.47	7918.04
24.67	7411.58
26.14	7366.23
26.25	7386.89
27.6	7806.85
27.15	7786.65
26.14	7678.67
26.14	7724.52
25.57	7595.71
24.22	7367.97
25.01	7484.5
24.9	7359.37
25.46	7413.11
25.01	7326.75
23.88	7195.94
23.77	7175.19
23.32	7110.8
23.21	6959.73
22.98	6823.52
24.22	7049.74
24	7028.01
25.57	7269.6
26.02	7228.68
26.25	7330.24
28.05	7626.05
29.74	8018.47
29.52	8083.43
28.62	7993.71
29.29	7964.67
29.63	8117.42
29.07	8153.57
29.29	8119.98
28.84	7984.39
30.19	8127.09
29.74	8097.57
29.29	8053.97
29.63	8071.36
30.42	8157.73
31.32	8273.33
31.21	8226.15
30.53	8073.97
30.64	8065.11
31.54	8130.28
30.53	7945.76
31.21	7973.3
31.21	8025.02
31.66	8161.46
31.77	8178.69
31.43	8092.02
30.87	7971.04
31.09	7968.9
30.98	7916.92
31.32	8016.93
31.32	7972.14
30.31	7759.93
29.29	7577.85
29.85	7615.45
30.08	7598.79
30.08	7694.99
29.52	7659.55
29.52	7685.48
29.29	7557.01
29.63	7501.63
30.42	7612
30.42	7552.98
31.09	7607.11
31.77	7835.37
31.54	7836.94
31.66	7879.91
31.32	7819.09
31.32	7829.39
30.98	7745.26
30.98	7692.96
30.53	7666.64
30.76	7654.9
30.42	7559.63
30.76	7680.87
31.21	7700.29
31.43	7701.22
31.21	7681.85
31.77	7706.67
32.67	7854.85
32.45	7814.89
32.22	7721.59
31.77	7580.09
31.77	7469.23
32	7488.26
31.88	7376.56
31.77	7401.49
32.11	7362.69
32.22	7401.81
33.46	7532.22
34.47	7545.03
34.7	7606.2
34.7	7645.78
34.92	7718.06
34.92	7770.81
35.38	7900.34
35.38	8052.31
35.6	8046.19
34.7	7921.85
34.25	7904.53
32.78	7595.44
33.8	7823.9
33.46	7720.87
33.57	7766.2
33.69	7806.26
34.7	7933.17
35.15	7964.49
34.25	7894.46
33.57	7827.05
32.78	7811.02
32.9	7738.84
32.78	7733.77
33.35	7883.61
33.69	7850.14
33.23	7859.89
32.67	7739.76
33.12	7723.22
33.8	7797.87
33.46	7782.94
34.02	7934.26
34.7	8002.76
35.15	8083.49
36.05	8219.45
38.53	8415.07
37.63	8448.84
40.11	8756.55
41.01	8849.87
40.11	8922.03
38.98	8845.47
40.33	9102.6
39.66	8927.03
40.78	9144.65
40.11	9107.19
41.01	9023.24
42.36	9191.37
42.13	9315.43
41.46	9250.19
41.46	9151.44
41.01	9136.95
41.91	9255.94
42.36	9387.07
43.49	9372.37
46.42	9581.96
46.87	9628.98
45.97	9696.91
45.06	9636.38
45.74	9744.89
45.51	9856.39
47.54	10008.88
48.22	10057.67
49.34	10128.67
48.22	9971.45
48.44	9957.74
47.99	10064.49
47.54	10202.2
46.87	10096.38
46.19	10161.05
43.94	9912.67
43.94	9731.93
43.71	9642.26
43.94	9599.17
44.84	9432.49
45.29	9435.94
46.42	9689.1
45.74	9543.82
45.74	9588.03
45.97	9517.97
45.06	9367.91
44.84	9380.07
44.61	9389.49
45.06	9587.27
43.94	9429.6
41.01	8811.95
41.91	8835.58
41.23	8640.03
41.46	8682.76
42.81	8763.27
41.46	8536.05
43.94	9004.48
43.26	9069.39
45.29	9533.87
44.61	9482.64
47.54	9807.57
47.09	9856.6
45.97	9805.69
46.87	9931.94
46.19	9854.95
47.32	10050.43
46.87	10186.17
45.51	9969.28
45.06	9921.03
45.06	9934.57
47.32	10127.48
46.19	10068.05
45.06	9911.39
43.26	9662.6
41.91	9374.61
39.66	8866.8
40.33	8993.68
42.59	9307.03
41.23	9104.4
41.91	9109.05
41.91	9120.48
40.56	8808.09
42.13	8921.12
41.68	8535.96
42.36	8541.95
44.39	8824.36
43.94	8777.35
43.49	8638.75
42.36	8420
42.13	8425.38
43.26	8698.53
42.81	8657.13
43.49	8616.18
43.49	8635.84
42.36	8559.87
40.33	8349.91
41.68	8560.44
41.33	8465.02
43.82	8727.82
46.61	9085.74
47.78	9087.21
47.48	9119.77
46.9	8820.35
46.31	8807.57
44.85	8671.01
43.53	8500.41
42.65	8438.1
42.65	8559.46
42.65	8588.25
44.26	8764.42
46.02	8939.52
44.85	8842.63
45.43	8883.45
46.02	8935.64
46.31	8958.21
47.19	9115.47
46.02	9067.88
46.31	9036.66
46.02	8955.44
45.43	8891.09
45.14	8935.23
43.97	8844.97
43.97	8832.15
43.82	8770.8
43.38	8751.1
43.53	8690.66
43.09	8637.6
43.67	8771.77
42.79	8684.93
41.48	8529.56
41.48	8424.17
42.21	8365.63
41.77	8120.89
42.79	8265.09
42.06	8297.77
41.33	8052.54
43.67	8421.74
42.5	8289.39
41.62	8173.08
42.06	8154.67
42.21	8158.63
42.06	8059.75
42.5	8267.66
42.79	8497.13
42.65	8518.13
42.06	8585.52
41.62	8368.78
41.62	8411.88
39.57	8219.53
38.11	8167.37
37.08	8064.2
36.79	7900.39
38.11	7961.54
37.81	7956.28
37.37	8122.11
37.52	8143.93
37.23	8114.92
36.93	7984.65
36.64	7916.85
35.76	7844.93
36.79	7925.2
36.93	7841.43
36.05	7715.99
36.79	7797.78
38.11	8048.14
38.98	8024.69
38.4	7974.65
38.11	7848.87
38.25	7845.69
39.57	8003.53
40.45	8143.25
40.89	8176.82
40.6	8209.07
40.45	8257.88
40.16	8118.05
40.89	8098.84
41.18	8026.32
40.45	7845.87
40.16	7817.49
39.57	7543.96
39.42	7616.98
38.11	7420.06
38.98	7707.59
39.13	7803.02
39.28	7785.62
38.4	7610.78
36.79	7430.93
36.49	7367.99
36.35	7335.2
36.35	7391.66
35.17	7152.29
35.91	7155.45
35.61	7053.29
35.47	6910.14
33.12	6734.9
33.71	6880.09
33.56	6920.9
31.22	6612.09
31.22	6677.46
33.27	6749.03
32.54	6717.04
31.22	6564.87
30.48	6432.36
29.31	6185.14
28.87	6024.07
30.19	6143.44
29.17	5997.92
30.19	6029.65
32.24	6353.67
32.54	6352.03
31.51	6209.42
30.48	6040.55
28.43	5805.01
28.29	5876.11
26.82	5630.95
27.55	5702.36
25.65	5432.23
23.89	5081.28
25.5	5404.78
27.26	5599.74
29.17	5680.95
31.07	5918.63
31.51	6023.78
30.92	5941.85
29.9	5805.17
28.87	5659.08
28.73	5544.18
28.43	5425.02
30.34	5626.08
32.1	5796.08
31.07	5677.3
31.95	5657.48
34.15	5877.77
34.29	6067.94
33.71	6089.55
33.42	6088.74
31.22	5793.52
31.22	5772.51
31.36	5737.02
29.31	5454.13
28.87	5351.36
27.55	5167.35
25.79	4845.21
27.55	5103
26.67	5130.61
26.09	5146.92
27.85	5419.99
27.7	5433.78
27.11	5362.26
26.53	5319.46
26.23	5256.93
26.82	5342.06
26.38	5277.35
25.79	5174.02
25.94	5199.2
26.09	5170.62
26.67	5212.73
26.38	5252.83
26.38	5284.41
27.11	5380.09
26.97	5384.36
26.53	5320.16
25.79	5224.74
25.65	5134.1
24.77	5055.2
24.62	5040.25
23.89	4947.89
23.16	4817.22
22.86	4811.22
22.28	4721.36
21.98	4614.63
23.45	4797.14
23.3	4743.94
23.01	4739.09
24.48	4935.28
23.6	4894.79
24.91	5136.13
26.53	5295.53
26.23	5188.51
27.26	5376.12
27.55	5436.78
27.11	5369.24
27.55	5339.4
27.7	5379.66
29.6	5662.94
29.6	5769.95
29.9	5847.91
28.43	5680.06
29.02	5792.5
30.92	5936.2
29.75	5897.93
29.46	6049.26
28.87	5932.42
28.73	5849.06
26.82	5693.58
26.53	5758.6
26.82	5809.84
26.97	5847.07
28.73	6027.49
27.55	5887.68
29.46	6104.24
28.73	6045.67
28.14	5937.3
28.14	5971.29
28.58	5949.96
27.41	5759.04
26.67	5726.93
26.09	5716.02
26.38	5674.69
24.62	5499.86
24.48	5499.54
24.77	5609.74
25.94	5635.06
26.97	5777.13
26.53	5711.02
25.79	5680.43
25.06	5582.67
25.5	5610.4
25.35	5658.21
25.79	5742.74
25.94	5783.93
25.5	5641.89
25.21	5642.7
24.91	5623.42
25.35	5730.95
26.53	5800.55
26.38	5896.32
26.23	5884.33
26.09	5819.39
25.79	5833.88
25.94	5797.92
24.91	5607.73
23.89	5446.82
23.3	5405.85
24.18	5515.13
23.45	5401.83
23.16	5353.5
24.33	5467.75
25.21	5533.22
24.91	5495.47
24.62	5432.28
24.48	5431.95
24.91	5508.61
26.53	5608.5
26.53	5596.63
26.38	5597.7
25.79	5589.34
25.35	5516.2
26.09	5518.73
25.5	5416.67
26.67	5381.67
28.14	5304.24
28.29	5405.54
27.26	5244.05
27.85	5229.93
27.7	5176.71
27.85	5232.64
27.11	5122.17
27.55	5232.72
27.11	5176.45
26.23	5158.79
25.79	5082.02
26.09	5143.44
26.53	5111.67
25.94	4958.61
26.38	4991.48
27.7	5209.97
27.55	5226.79
27.7	5170.08
27.26	5079.72
27.26	5095.26
26.38	5057.07
26.23	5048.86
26.09	5013.96
26.38	4985.11
26.67	5065.06
27.41	5220.44
27.26	5153.35
28.43	5226.28
29.02	5271.3
28.43	5266.24
27.55	5209.71
27.11	5119.19
27.41	5158.63
26.97	5070.52
26.53	5039.98
26.38	5029.64
25.21	4984.88
24.91	4904.34
25.63	4785.12
26.68	4825.28
25.84	4768.55
26.89	4883.43
28.15	4886.86
27.94	4843.82
27.52	4739.16
27.52	4709.2
26.47	4707.01
25.63	4657.3
25.84	4616.71
25.84	4548.29
26.68	4633.54
26.47	4485.68
26.47	4368.69
26.26	4371.99
26.05	4219.89
25.63	4190.78
25.42	4220.33
24.37	4151.93
24.16	4040.77
24.79	4136.39
25.42	4300.41
26.68	4320.59
27.73	4352.98
28.78	4354.52
29.62	4490.19
28.99	4530.68
28.57	4470.73
27.73	4404
28.36	4514.1
27.31	4448.52
28.78	4476.91
28.57	4520.76
28.99	4589.6
28.78	4623.11
28.57	4687.33
28.36	4638.36
27.73	4550.36
27.94	4562.73
26.05	4487.52
26.05	4459.76
25.42	4310.32
26.68	4384.55
26.47	4368.38
27.1	4508.69
26.47	4503.86
26.89	4509.44
26.89	4454.77
27.73	4493.53
27.52	4424.91
26.89	4338.26
26.47	4302.16
26.89	4289.1
26.47	4176.93
24.79	3952.49
23.32	3774.62
22.69	3781.17
22.06	3698.84
21.43	3591.85
19.96	3533.51
19.92	3493.78
20.38	3625.53
19.54	3567.63
19.62	3636.94
18.91	3492.12
18.53	3446.26
18.61	3493.66
19.66	3585.46
19.33	3520.35
20.67	3618.93
22.06	3789.93
23.11	3801.5
22.48	3712.82
23.32	3794.86
24.37	3817.13
25	3811.2
24.58	3845.62
24.37	3900.62
24.16	3874.42
25.84	3986.67
26.26	4012.2
26.47	4043.57
28.15	4065.1
26.26	3915.61
25.63	3903.49
25.63	3929.69
26.26	3998.48
27.31	4080.51
27.52	4082.92
28.15	4158.15
28.36	4135.03
28.57	4123.78
28.57	4172.63
28.36	4136.54
30.25	4277.7
31.3	4403.59
32.56	4446.62
33.4	4548.63
31.3	4455.8
31.72	4533.37
30.67	4450.02
30.88	4519.08
31.09	4608.32
31.72	4580.33
31.09	4447.58
30.67	4465.83
30.67	4441.12
32.56	4646.61
32.98	4766.43
35.08	4924.56
37.39	5208.86
37.18	5333.93
35.29	5321.28
35.92	5273.97
37.18	5539.31
35.29	5407.54
35.08	5486.73
34.03	5456.15
34.66	5329.19
35.92	5221.96
35.92	5309.1
33.61	5109.24
34.03	5164.73
35.08	5372.81
34.66	5392.43
34.45	5332.98
35.71	5398.28
36.76	5551.24
36.13	5600.05
35.92	5526.32
37.39	5638.53
38.86	5834.89
38.02	5810.08
38.44	5865.54
38.02	5871.28
36.76	5687.59
36.97	5611.86
36.76	5592.74
35.71	5488.33
35.5	5501.13
35.71	5522.8
38.02	5798.05
37.81	5804.1
37.18	5769.78
38.02	5801.92
38.65	5950.64
38.65	6007.33
37.39	5846.19
36.55	5812.67
36.76	5872.14
35.92	5857.93
36.13	5849.85
35.92	5844.25
36.34	5926.08
36.76	5968.61
35.92	5861.66
34.45	5692.18
34.66	5656.1
34.24	5609.83
34.03	5510.71
33.61	5499.79
34.45	5696.11
34.03	5680.78
36.34	5874.48
38.23	5957.75
39.7	6097.57
39.28	6048.15
38.44	6011.65
40.96	6196.26
39.91	6122.54
39.49	6088.34
39.07	6070.5
38.02	5951.45
38.44	5972.11
38.44	5906.73
40.33	6059.06
39.49	6046.52
39.91	6140.42
40.33	6219.17
39.7	6242.64
38.86	6147.75
39.91	6209.92
40.54	6167.47
40.12	6186.44
40.33	6243.46
39.91	6294.66
38.86	6207.09
38.44	6190.83
38.44	6069.85
38.02	6059.21
37.81	6073.76
38.65	6182.59
38.44	6196
38.86	6257.73
40.33	6390.68
40.12	6387.21
39.7	6448.12
39.07	6462.3
39.49	6390.62
39.91	6455.39
38.65	6355.59
38.65	6306.93
37.39	6205.09
36.76	6065.73
35.71	5867.83
35.71	5910.32
34.03	5642.48
34.45	5663.98
34.87	5711.53
35.71	5739.28
36.34	5807.3
35.71	5742.66
36.55	5755.92
37.81	5910.69
37.18	5801.47
37.6	5789.84
36.55	5574.71
36.34	5443.18
36.97	5541.64
36.55	5549.96
36.76	5706.4
36.34	5729.9
36.13	5669.53
35.92	5623.23
36.34	5736.19
35.92	5675.65
35.71	5571.08
34.24	5527.8
34.45	5599.42
33.82	5591.02
31.51	5433.02
31.51	5499.33
31.09	5405.42
30.25	5399.96
31.72	5562.23
31.72	5562.12
31.09	5537.81
31.72	5536.42
31.82	5399.5
31.82	5445.77
32.05	5460.53
31.82	5384.89
32.28	5316.04
30.89	5123.04
30.89	5071.76
31.59	5153.71
31.12	4969.32
30.66	4995.08
29.5	5047.82
29.96	5130.8
31.12	5255.23
32.98	5377.86
33.21	5388.52
32.52	5262.01
31.35	5202.59
32.98	5416.5
32.28	5393.01
32.05	5318.01
31.12	5250.82
29.96	5242.11
28.57	5161.92
28.1	5043.5
28.8	5159.23
27.17	5039.48
26.94	5045.07
25.08	4855.34
23.46	4858.44
24.15	5005.04
23.46	4940.38
23.23	4916.59
23.18	4920.89
21.6	4636.67
21.41	4572.35
22.9	4720.73
22.81	4700.23
23.69	4851.44
23.46	4852.07
23.23	4817.93
23.69	4887.43
24.62	4931.47
24.85	4919.02
24.85	4888
25.32	4919.26
24.62	4887.79
24.62	4956.49
25.08	4968.85
24.39	4935.92
23.69	4878.85
23.23	4789.63
23.23	4800.63
23.18	4764.94
22.62	4644.58
22.62	4588.06
22.25	4534.15
22.06	4459.37
22.53	4533.27
23.46	4668.01
23.46	4660.53
23.18	4647.37
22.34	4580.17
21.92	4457.16
22.76	4633.86
21.18	4482.65
21.18	4491.31
20.21	4429.25
19.56	4328.4
19.65	4286.94
19.51	4185.95
19.79	4222.22
19.51	4208.8
19.09	4191.81
18.63	4162.77
18.58	4171.76
17.51	4075.98
17.65	4067.79
16.72	3924.04
16.54	3964.28
16.72	3947.61
16.58	3850.04
17.65	3910.98
18.86	4131.47
20.16	4223.32
20.21	4280.81
21.6	4458.17
21.14	4463.52
20.21	4386.46
20.9	4589.88
20.9	4574.8
21.37	4564.06
21.65	4601.37
21.74	4554.13
21.14	4498.73
21.6	4579.14
20.9	4500.55
21.83	4583.68
22.16	4566.1
23.69	4725.34
23.92	4757.98
23.69	4811.01
22.16	4664.65
21.74	4676.47
21.74	4671.77
21.55	4665.56
22.48	4813.53
22.39	4790.61
22.11	4726.5
21.41	4653.5
21.79	4579.45
23.23	4707.61
24.15	4723.16
23.46	4677.89
23.23	4633.03
23.46	4612.6
23.46	4646.69
24.15	4683.18
24.85	4793.93
24.15	4727.49
24.39	4755.4
23.92	4738.98
24.15	4823.67
23.23	4755.01
23.23	4699.41
22.76	4669.7
22.62	4588.14
22.25	4582.05
22.2	4545.62
22.3	4535.93
21.32	4549.23
21.37	4595.67
20.67	4572.77
20.81	4544.5
20.76	4484.43
21.37	4567.37
21.14	4547.32
20.07	4457.75
19.79	4452.45
19.74	4524.87
20.81	4626.32
20.81	4689.86
21.09	4701.08
21.6	4836.93
21.37	4813.73
21.92	4850.8
23.46	4991.26
23.46	4992.42
23.46	5017.7
22.58	4943.29
22.67	4907.78
22.25	4951.03
22.11	4945.87
22.2	4993.27
23.46	5078.8
22.95	5057.32
22.71	4972.59
22.16	5015.16
20.62	4833.58
19.51	4735.37
18.91	4643.87
19.28	4618.98
18.77	4624.87
18.67	4507.96
19.04	4493.99
20.35	4705.08
19.93	4605.31
19.97	4550.83
20.48	4550.7
20.86	4548.35
21.04	4609.2
19.97	4454.35
19.88	4456.69
19.51	4432.46
20.44	4526.69
20.16	4499.69
19.32	4418.11
19.23	4397.44
19.32	4350.59
19.79	4319.99
19.74	4260.45
19.97	4328.15
20.48	4378.99
21.14	4476.17
20.44	4357.99
21.83	4539.72
22.25	4515.07
22.58	4599.25
22.53	4586.92
22.53	4570.68
21.65	4498.83
21.83	4496.05
20.86	4514.24
20.62	4477.01
19.65	4321.22
19.6	4337.61
19.88	4311.56
20.39	4358.39
21	4499.18
21.46	4575.83
21.23	4552.45
20.81	4537.39
20.67	4541.36
20.81	4530.4
20.25	4459.81
20.76	4487.59
21.79	4609.32
21.27	4566.66
22.06	4658.3
22.44	4648.12
21.83	4556.1
22.44	4564.93
21.97	4374.94
21.14	4233.54
20.44	4139.5
20.95	4200.32
22.2	4148.07
22.44	4187.82
22.53	4202.12
22.2	4220.45
22.16	4275.91
21.69	4191.25
22.06	4244.18
22.44	4261.02
22.85	4334.59
22.85	4341.1
22.99	4331.24
22.67	4283.77
22.71	4255.8
22.3	4251.59
22.3	4216.64
22.3	4271.3
22.81	4349.52
23.13	4465.57
22.9	4451.11
23.46	4474.41
24.15	4543.04
24.85	4555.9
26.24	4692.94
26.01	4678.08
26.71	4738.34
27.17	4740.45
27.41	4826.94
26.71	4832.2
26.24	4804.65
27.17	4878.43
26.48	4881.9
26.01	4892.36
26.94	4973.19
27.41	4999.07
27.41	5048.91
27.17	5002.58
26.71	4921.72
26.48	4909.31
26.48	4933.79
26.48	4894.01
26.48	4877.9
26.48	4872.15
27.17	5017.78
27.87	5095.24
28.33	5095.31
28.8	5151.85
30.8	5322.26
31.3	5367.97
30.55	5358.91
29.03	5282.38
29.03	5239.96
30.04	5349.94
30.04	5335.86
30.04	5413.87
29.28	5299.51
29.28	5287.38
28.78	5219.3
28.53	5261.01
29.03	5287.89
29.54	5402.75
28.78	5394.75
29.28	5451.8
28.78	5342.46
28.78	5307.18
29.79	5318.34
30.29	5390.51
30.29	5377.19
29.54	5259.45
29.54	5225.83
30.29	5259.07
29.28	5232.55
28.78	5214.6
28.78	5255.24
29.79	5442.27
30.04	5436.75
30.8	5488.74
31.05	5516.8
31.56	5512.16
31.81	5543.61
32.31	5611.86
32.31	5646.62
32.57	5686.85
31.81	5558.25
32.31	5553.43
33.07	5523.12
33.83	5650.83
34.08	5691.79
33.83	5715.95
33.58	5673.18
33.32	5625.63
34.33	5639.03
35.85	5727.01
35.6	5680.69
35.09	5623.43
34.33	5645.28
33.83	5623.22
34.59	5699.26
36.1	5747.14
35.6	5750.81
34.84	5757.91
34.08	5675.75
34.33	5684.01
34.33	5722.36
33.58	5688.23
33.32	5650.11
33.58	5643.5
33.58	5611.41
33.58	5581.66
34.59	5699.86
35.34	5747.79
35.85	5851.2
35.34	5856.68
35.09	5821.8
34.84	5869.88
35.34	5972.47
34.59	5938.42
34.33	5924.38
35.09	6035.74
34.33	6042.71
34.33	6077.89
33.83	6061.46
33.32	6041.86
32.57	5952.23
32.57	5918.14
33.07	5958.55
34.33	6075.45
35.09	6095.87
35.09	6108.13
33.83	6045.12
33.83	6087.45
34.59	6108.99
35.09	6142.32
34.84	6013.4
34.84	6056.83
34.33	6059.03
33.32	6022.08
33.58	5982.75
34.08	6035.44
34.08	6044.77
33.58	5952.32
33.83	5939.47
33.32	5865.51
33.07	5834.24
32.82	5830.06
32.31	5821.58
33.07	5861.18
32.82	5860.61
31.81	5740.57
32.06	5771.77
32.31	5870.17
33.32	5911.45
33.58	5884.97
33.83	5920.46
32.82	5900.05
32.06	5847.15
32.57	5859.56
31.3	5803.42
31.56	5867.05
31.3	5858.32
31.81	5924.24
30.8	5887.23
30.04	5752.01
30.29	5768.76
30.29	5759.23
31.05	5835.11
31.3	5845.51
31.05	5857.87
31.3	5853.7
31.3	5857.21
31.3	5804.89
31.81	5866.75
32.06	5890.69
33.07	6041.56
33.32	6125.42
33.32	6144.01
33.07	6141.25
33.07	6169.17
34.08	6226.98
34.08	6219.71
34.08	6210.22
33.83	6274.97
33.83	6264.37
33.58	6269.71
34.59	6384.63
34.08	6386.25
33.58	6312.65
33.32	6375.38
32.82	6319.96
32.06	6252.23
31.56	6241.39
31.56	6268.14
31.81	6353.35
32.82	6463.09
32.31	6488.34
32.31	6454.39
32.57	6436.95
32.31	6549.18
31.56	6565.37
31.56	6600.47
31.81	6605.85
32.06	6681.52
32.06	6665.54
31.56	6665.89
31.05	6589.23
31.05	6644.28
32.06	6693.25
32.06	6750.54
32.57	6888.43
33.83	6975.26
33.32	6932.17
33.83	7034.1
33.83	6943.68
33.32	6901.48
33.07	6973.9
31.81	6874.91
32.06	6879.11
31.3	6800.24
30.8	6635.98
30.55	6589.72
30.55	6577.98
31.3	6787.03
31.81	6815.09
29.79	6359.92
27.77	6172.89
29.28	6213.56
29.28	6156.73
29.54	6132.62
31.05	6474.11
30.29	6494.71
30.29	6522.19
30.04	6523.49
30.04	6545.54
31.3	6682.73
31.3	6635.54
31.05	6646.74
30.8	6672.86
30.29	6620.36
30.8	6777.78
30.55	6794.33
31.81	6880.18
30.8	6736.79
30.8	6818.2
30.04	6779.18
30.8	6799.97
31.05	6810.25
31.3	6732.09
32.31	6748.1
32.06	6710.7
32.06	6646.8
31.3	6574.75
30.55	6402.21
29.03	6117.81
29.28	6029.77
29.79	6188.15
27.77	5854.23
28.02	5909.79
28.78	6040.26
27.77	5825.05
29.03	5886.36
29.03	5958.79
28.78	5918.09
27.77	5777.32
26	5482.96
26.25	5557.68
28.02	5860.58
27.77	5815.33
27.77	5964.94
27.26	5942.08
27.52	5958.38
28.27	6027.27
28.78	6033.05
29.28	6137.26
28.27	5977.84
28.53	5986.2
28.02	5875.67
26.76	5671.45
26.76	5724.89
27.77	5935.82
28.53	5986.76
27.77	5965.7
26.76	5867.51
25.5	5735.07
25.48	5574.08
25.3	5646.49
25.6	5560.16
26.07	5664.35
25.19	5569.29
25.6	5556.54
26.89	5729.3
26.95	5779.09
27.19	5802.55
27.01	5709.84
27.13	5741.52
28.48	5839.44
28.48	5836.91
27.19	5746.7
26.36	5659.78
27.07	5733.57
26.3	5727.78
26.48	5713.39
27.07	5777.72
26.36	5758.74
26.01	5685.57
26.01	5623.65
25.3	5542.8
25.01	5502.14
24.83	5489.1
24.42	5325.68
25.54	5409.13
25.48	5387.96
25.19	5373.85
24.07	5331.71
24.54	5398.61
24.54	5383.57
24.13	5349.66
25.24	5420.57
25.19	5350.4
25.89	5367.22
25.77	5316.87
26.48	5427.61
25.89	5399.16
25.48	5399.45
25.48	5393.73
25.77	5367.34
25.77	5368.02
25.77	5389.93
25.54	5352.01
25.77	5342.49
26.36	5427.75
27.54	5602.99
27.3	5622.86
27.66	5660.97
28.6	5813.39
28.25	5797.71
28.3	5788.94
27.66	5765.54
27.72	5858.14
27.01	5852.85
26.13	5761.14
25.89	5775.99
26.13	5846.83
25.83	5846.02
25.72	5842.93
26.24	5846.19
27.01	5928.22
26.77	5919.77
26.72	5871.07
26.72	5891.05
26.36	5818.39
26.6	5864.54
27.07	5949.26
26.95	5970.18
26.42	5937.25
25.72	5892.21
25.3	5849.22
25.13	5809.75
25.48	5845.69
26.19	5945.35
26.77	6077.96
26.66	6081.01
26.48	6060.61
26.48	6103
25.48	6102.16
25.19	6089.28
25.07	5979.56
25.07	5963.07
25.13	5831.07
25.01	5820.82
24.83	5772.12
25.3	5807.79
25.19	5788.34
25.42	5797.24
25.42	5774.67
24.83	5662.88
24.66	5650.97
25.3	5695.56
25.77	5705.93
25.83	5656.17
26.48	5759.61
27.6	5862.85
27.95	5860.73
28.07	5931.31
28.19	5937.46
28.13	5945.2
28.25	5948.49
27.25	5874.52
27.66	5917.16
27.95	5906.69
28.48	5910.85
29.25	6028.68
29.72	6049.49
29.72	6026.55
28.36	5838.42
28.48	5851.1
28.78	5911.31
28.42	5855.24
27.77	5778.65
27.6	5785.26
27.83	5844.76
27.3	5798.62
28.25	5867.95
28.78	5893.27
28.78	5919.17
28.95	5925.28
28.72	5892.51
28.36	5913.97
28.36	5911.63
28.01	5878.89
28.3	5909.65
29.3	6002.58
29.42	6019.23
29.3	6009.32
29.42	5985.94
29.01	5987.85
29.3	6001.52
29.42	5997.67
29.42	6019.42
29.36	5985.94
29.42	6000.57
29.72	6088.49
29.72	6100.86
29.72	6139.69
30.01	6143.12
29.19	6060.46
28.54	5988.37
28.25	5982.12
28.13	5935.99
28.54	5942.85
28.36	5975.66
27.66	5879.08
27.54	5853.94
27.66	5889.52
28.78	5945.27
28.89	5933.57
28.07	5895.35
28.25	5888.1
27.95	5848.91
27.66	5771.48
28.01	5782.75
28.95	5835.37
29.07	5842.76
29.42	5879.93
30.6	5994.23
30.89	5981.54
31.48	6018.69
31.48	6034.6
32.07	6112.4
32.36	6122.39
32.07	6143.49
31.48	6072.16
31.78	6115.43
32.07	6142.78
31.78	6107.17
31.48	6121.52
31.19	6128.34
32.36	6207.83
31.95	6259.69
31.84	6225.25
31.48	6202.38
30.89	6193.62
31.07	6220.52
31.6	6173.34
31.19	6213.28
30.6	6192.53
30.89	6204.23
30.31	6155.51
30.07	6063.48
30.6	6072.36
29.95	6032.47
29.95	6043.95
29.78	6058.96
29.72	6018.79
29.6	6019.49
29.78	6001
30.31	6065.91
30.31	6048.74
30.07	5961.24
29.78	5957.98
30.31	6005.88
30.95	6028.75
30.72	6019.93
30.31	6013.49
30.25	5971.76
30.78	6024.07
30.54	5979.42
30.78	5993.89
30.89	5998.08
30.19	5976.68
30.19	5888.37
29.6	5715.16
29.48	5748.35
29.48	5693.01
29.19	5721.99
29.19	5747.09
29.3	5758.31
30.36	5805.25
30.72	5778.27
31.19	5842.27
30.54	5818.07
30.78	5818.22
30.89	5803.68
31.72	5927.5
32.13	5967.96
32.19	5966.85
32.19	5949.8
31.54	5917.13
32.07	5934.6
32.25	5981.48
32.25	5925.88
31.95	5894.01
32.31	5890.83
33.19	5970.71
33.25	5954.69
32.48	5885.45
33.19	5909.1
32.84	5888.53
32.95	5939.42
33.42	5991.55
33.37	6009.52
33.48	6011.56
32.89	5971.62
33.48	6039.48
33.95	6107.95
34.19	6137.57
33.84	6105.79
34.25	6161.66
34.13	6145.92
34.19	6192.35
35.24	6231.05
35.24	6205.76
35.56	6252.1
36.14	6282.41
36.72	6293.56
36.79	6296.89
36.08	6278.46
36.79	6357.83
36.98	6373.86
36.59	6340.69
36.53	6302.99
36.46	6316.84
35.49	6231.65
35.62	6241.94
36.01	6272.14
35.62	6271.2
35.17	6232.04
35.3	6222.05
35.3	6212.6
34.78	6201.4
36.72	6298.86
36.92	6358.81
36.72	6377.09
36.85	6418.35
36.59	6410.59
36.34	6416.34
36.46	6423.81
36.46	6394.03
36.79	6380.73
36.27	6420.45
35.95	6366.16
34.33	6327.25
34.85	6375.64
34.4	6311.98
34.46	6307.93
35.49	6343.54
36.14	6455.57
35.37	6446.01
34.53	6380.03
34.27	6380
34.14	6356.84
34.65	6353.71
34.65	6350.9
34.27	6245.13
34.27	6242.4
34.07	6241.92
33.62	6205.09
33.36	6158.94
33.62	6206.65
33.62	6195.18
33.3	6127.24
33.49	6109.66
34.14	6136.55
33.17	6049.44
33.04	6032.12
34.91	6033.47
34.01	6116.05
33.68	6098.78
33.75	6140.14
33.62	6141.14
33.56	6149.88
33.36	6119.06
34.07	6164.98
34.59	6169.08
34.85	6148.7
34.85	6082.56
34.01	6031.24
34.4	6035.59
34.65	6105.35
34.65	6067.34
33.68	5972.06
33.23	5925.54
32.97	5930.2
33.3	5945.05
33.1	5931.38
33.68	6009.99
34.46	6118.61
34.14	6123.92
34.91	6142.12
35.04	6135.01
34.72	6095.81
34.85	6081.84
34.2	6066.59
33.49	5987.4
33.23	5960.11
33.04	5969.07
32.39	5826.27
32.65	5830.79
32.04	5694.16
32.52	5748
31.81	5738.76
32.52	5717.28
32.84	5721.31
32.84	5700.72
32.07	5661.18
32.59	5632.97
33.62	5764.3
33.49	5798.41
34.07	5870.37
34.59	5858.01
35.04	5911.74
35.17	5860.39
35.24	5849.63
35.75	5971.06
36.14	5988.37
36.85	6075.26
36.85	6083.62
36.85	6030.74
36.72	6046.2
36.27	6020.94
36.92	6106.74
37.43	6103.42
37.5	6059.19
38.6	6123.52
38.6	6111.89
38.21	6128.2
38.47	6203.84
37.37	6139.51
38.47	6203.47
38.34	6179.82
39.18	6228.95
40.09	6348.31
40.41	6350.52
40.41	6329.52
39.89	6249.19
39.31	6264.36
39.57	6266.29
40.09	6261.18
39.5	6235.35
39.37	6258.47
40.09	6350.69
40.41	6431.42
40.28	6427.84
40.73	6471.89
40.28	6417.2
41.31	6512.63
41.25	6534.77
41.25	6531.59
41.06	6524.4
40.73	6575.53
40.41	6548.34
39.44	6462.06
40.67	6591.77
40.99	6616.44
41.38	6709.87
42.35	6694.82
44.03	6742.39
43.12	6707.4
42.54	6735.89
42.35	6725.61
41.7	6682.35
41.31	6724.18
41.77	6711.04
39.83	6498.92
40.09	6512.29
40.41	6486.63
39.96	6381.97
40.02	6451.94
41.06	6532.18
40.99	6594.6
42.99	6719.96
42.02	6720.08
40.8	6624.11
40.73	6630.13
40.47	6594.92
40.34	6562.29
40.28	6612.97
39.63	6598.49
40.34	6683.93
39.89	6673.75
40.54	6686.55
40.15	6631.51
40.02	6530.7
39.31	6474.69
39.44	6538.22
39.37	6561.63
39.05	6613.39
40.54	6642.96
39.96	6553.66
39.37	6575.78
38.86	6494.15
38.15	6459.57
38.66	6486.47
39.7	6490.68
39.7	6544.63
38.79	6460.01
39.5	6518.7
39.12	6504.98
39.24	6528.57
38.92	6516.52
39.12	6458.03
38.53	6391.26
38.53	6364.6
38.66	6376.62
38.99	6421.85
39.7	6453.85
40.02	6498.03
40.67	6546.06
41.51	6613.97
41.9	6660.76
41.7	6665.6
42.61	6760.82
43.58	6781.94
43.32	6780.64
42.74	6757.17
43.19	6808.5
43.45	6855.74
43.96	6952.54
43.84	7000.09
43.9	6989.46
44.87	7038.78
45.19	7102.74
44.8	7093.05
44.09	7096.04
43.32	7059.94
44.61	7168.98
43.45	7136.21
44.03	7171.77
43.45	7199.6
43.32	7242.37
43.64	7345.04
44.29	7370.44
44.87	7474.05
43.96	7388.94
42.99	7324.71
43.06	7361.45
41.96	7278.96
40.86	7176.35
40.34	7069.9
41.18	7116.83
40.41	7034.03
40.41	7074.15
39.31	6938.26
39.5	6843.98
39.44	6877.01
38.66	6861.65
38.47	6879.51
38.92	6878.88
38.99	6846.95
39.7	6872.84
40.41	6959.64
39.05	6715.27
39.31	6730.27
38.86	6612.74
36.14	6331.81
37.82	6444.63
37.18	6442.9
36.34	6337.21
37.56	6469.01
36.72	6426.39
38.4	6575.77
38.4	6583.04
38.45	6363.55
38.87	6299.59
40.56	6485.15
39.78	6452.31
40.06	6523.68
40.34	6572.39
39.43	6540.93
39.85	6607.39
41.05	6704.41
41.12	6718.5
41.33	6734.51
40.56	6659.96
40.13	6659.07
39.99	6660.61
39.99	6682.46
39.64	6639.13
40.13	6634.09
39.57	6567.6
38.73	6428.03
37.81	6257.8
38.02	6285.31
37.81	6277.24
39.5	6443.74
38.59	6420.01
37.18	6359.63
37.81	6390.99
37.88	6376.39
38.1	6459.25
38.24	6480.07
38.52	6454.58
38.73	6441.46
38.59	6471.42
38.59	6462.32
38.59	6442.61
38.38	6416.61
39.01	6502.14
39.22	6573.22
39.92	6578.61
40.34	6571.1
40.48	6611.9
40.48	6615.13
41.47	6696.63
41.96	6733.46
41.89	6721.08
40.7	6505.92
41.33	6590.2
40.84	6556.33
39.99	6550.64
40.06	6526.22
39.5	6444.76
39.71	6479.91
40.27	6587.12
40.84	6611.77
41.33	6651.46
41.68	6750.78
41.19	6734.73
40.63	6688.4
40.13	6685.23
39.85	6693.11
39.57	6693.88
39.85	6625.73
41.05	6664.87
41.05	6598.87
41.47	6681.09
42.1	6882.48
42.52	6881.87
42.1	6877.77
42.52	6889.89
41.96	6885.6
41.96	6911.21
42.52	6901.75
42.8	6946.27
42.8	6885.12
41.96	6883.05
42.31	6960.95
42.17	6956.88
41.12	6874.98
42.66	6997.24
42.59	7006.67
42.87	6984.58
44.42	7068.8
44.28	7076.85
45.69	7151.42
44.21	7075.13
43.58	7017.6
42.87	6995.83
43.44	7039.37
43.02	7040.26
44.28	7097.42
43.79	7059.89
43.23	7080.84
43.93	7086.74
42.66	6995.2
42.87	7021.32
42.31	7013.99
42.73	7078.1
42.94	7161.61
42.52	7120.44
42.59	7184.65
42.45	7178.34
42.52	7151.13
42.73	7174.2
42.17	7136.06
42.73	7204.04
43.44	7236.85
43.72	7257.48
43.86	7259.54
43.72	7261.48
44.28	7309.69
44.28	7348.77
44.63	7384.69
44.56	7427.36
45.4	7498.15
44.98	7444.94
45.33	7474.19
46.04	7567.72
46.74	7613.57
46.6	7647.01
47.02	7609.9
47.72	7693.33
47.09	7686.52
46.46	7636.3
46.74	7612.12
45.12	7458.56
45.62	7450.3
45.05	7480.41
45.62	7538.82
46.81	7624.62
45.76	7598.88
45.55	7648.35
45.62	7620.94
46.11	7652.47
45.76	7646.81
46.39	7727.59
46.67	7733.18
46.46	7732.93
47.44	7823.72
47.58	7920.8
47.79	7917.3
47.58	7934.51
47.02	7835.57
46.25	7736.71
46.39	7790.01
45.12	7698.52
46.25	7618.55
48.57	7761.71
48.64	7783.5
49.41	7792.08
49.83	7833.98
50.04	7895.18
49.06	7840.08
48.5	7842.47
48.36	7852.36
49.55	7935.54
49.9	7923.77
47.79	7821.32
48.22	7751.79
47.79	7739.91
47.37	7699.64
47.09	7701.54
47.65	7777.03
47.65	7783.12
48.43	7875.75
48.36	7850.06
48.08	7842.22
47.79	7859.53
47.09	7776.36
46.25	7736.83
47.3	7809.45
48.43	7900.2
48.71	7901.96
46.88	7678.67
46.95	7670.77
46.46	7630.15
44.49	7344.56
45.76	7451.06
46.04	7480.89
46.32	7573.87
46.74	7568.2
47.23	7629.15
48.57	7684
47.72	7570.27
48.5	7695.96
48.5	7719.8
48.5	7737.46
48.64	7736.2
48.99	7757.03
49.34	7823.67
49.2	7859.32
49.2	7877.82
48.64	7845.17
48.01	7788.14
48.29	7848.33
47.72	7884.41
47.94	7884.99
47.79	7932.91
48.71	8004.61
48.5	8056.56
48.15	8048.39
48.71	8084.45
48.15	8075.2
48.01	8002.3
48.29	8045.12
47.44	8043.54
47.79	7959.29
48.22	8003.31
47.37	7888.63
47.44	7942.67
48.22	8010.46
49.06	8045.01
48.71	7984.65
49.13	8000.04
48.5	7949.42
48.29	7875.42
47.79	7903.04
48.08	7926.66
48.57	8066.06
48.15	8115.27
47.79	8095.84
47.79	8052.7
48.15	8096.86
47.44	8031.54
47.23	8030.56
46.74	7975.03
46.81	7988.57
47.58	8037.96
48.15	8034.14
48.64	8141.59
48.08	8188.63
48.43	8221.79
48.15	8216.41
47.37	8159.97
47.51	8156.82
48.22	8181.49
47.79	8147.34
47.93	8144.95
48.36	8249.9
48.57	8294.79
48.5	8303.99
48.43	8314.68
48.5	8355.26
49.02	8300.71
49.17	8338.88
48.57	8370.26
48.05	8346.39
48.72	8450.72
49.25	8573.64
51.2	8755.88
51.87	8851.99
51.72	8846.39
51.2	8812.91
52.77	8939.19
51.8	8865.75
52.1	8844.22
52.77	8892.83
53.14	8883.21
53.22	8939.49
53.37	8996.2
53.89	9068.98
53.52	9148.78
52.84	9188.31
53.97	9369.84
53.97	9384.73
54.27	9290.95
53.74	9354.41
54.72	9471.3
54.34	9417.32
54.49	9509.73
53.22	9485.35
52.47	9473.31
52.02	9585.9
51.5	9621.57
53.44	9744.06
52.17	9740.13
51.12	9566.42
47.97	9162.28
48.72	9072.57
48.72	9287.25
45.95	8891.88
47.82	8950.57
47.9	9057.82
46.92	8941.73
45.95	8862.31
47.07	9099.46
47.82	9182.6
46.1	8931.31
46.47	8938.96
46.4	8910.99
45.72	8593.04
44.3	8201.37
44.22	8090.29
46.62	8515.6
46.4	8479.08
45.65	8493.46
47.07	8732.84
46.17	8690.09
46.17	8718.31
46.02	8727.55
45.12	8643.32
45.35	8771.21
47	8982.16
46.92	8979.96
46.17	8922.98
46.32	8913.85
46.62	9017.08
46.47	9018.08
45.87	8937.58
45.95	9003.12
46.1	9018.12
45.42	8927.42
46.32	9031.63
45.57	8899.91
46.02	8926.38
45.72	8983.03
46.1	9105.28
46.1	9257.47
47.67	9413.65
47.67	9411.95
47.45	9476.52
47.9	9488.5
48.65	9623.25
48.72	9700.07
48.12	9627.39
48.42	9617.26
48.72	9717.17
48.57	9639.83
47.45	9697.67
45.95	9496.47
47.15	9518.45
46.77	9592.47
46.47	9562.16
47.15	9637.07
46.47	9611.72
45.42	9360.63
46.1	9502.39
45.57	9442.62
45.8	9568.26
46.17	9631.51
47.9	9809.88
47.22	9757.93
47.82	9711.37
48.12	9598.23
46.17	9273.09
46.85	9308.6
46.92	9292.8
47.22	9300.22
46.4	8937.58
46.7	8970.92
46.17	8670.61
46.25	8727.21
46.1	8942.93
45.65	8905.41
45.35	8764.82
45.35	8680.71
45.35	8680.86
43.92	8484.11
44.9	8499.37
44.67	8342.2
45.8	8528.33
44.3	8375.76
43.85	8276.26
44.97	8447.03
45.42	8586.4
44.82	8583.84
45.2	8651.28
45.65	8676.95
46.4	8694.41
46.92	8722.38
45.8	8598.03
47	8638.33
45.95	8490.84
45.5	8187.95
44.82	8118.08
44.6	7830.85
44.07	7807.39
44.37	8014.31
44.22	7857.08
44.22	7941.44
44.37	8135.48
44.67	8167.07
44.6	8156.39
46.25	8313.72
45.35	8396.95
46.47	8506.28
45.35	8323.05
44.52	8184.2
44.97	8221.1
41.83	7883.37
41.98	7962.91
42.73	8085.06
41.75	8057.27
41.23	8029.31
41.15	8173.41
43.1	8428.84
41.53	8179.54
41	8101.63
40.93	8184.65
39.95	8110.2
37.18	7581.96
38.23	7408.4
40.25	7517.05
41.6	7739.59
40.63	7485.79
42.73	7576.42
43.33	7543.5
44.9	7521.13
46.02	7673.99
44.97	7553.3
44.9	7550.55
46.47	7865.28
46.1	7876.37
44.97	7890.9
46.1	8024.41
45.8	7894.47
46.4	8085.93
45.65	8108.71
45.87	8286.31
46.77	8307.67
47.67	8462.08
46.17	8412.76
45.5	8262.87
47.15	8470.11
47.45	8483.95
48.65	8658.64
47.97	8531.38
45.87	8299.37
46.77	8381.6
47.82	8435.3
46.47	8210.99
45.8	8161.39
44.9	8005.46
44.9	8057.82
46.55	8179.35
46.92	8337.62
48.57	8524.99
50.52	8865.35
50.37	8795.09
50.22	8768.02
47.82	8605.95
46.7	8623.48
47.3	8572.59
46.32	8419.72
47.97	8605.32
48.27	8596.34
48.72	8729.79
48.27	8672.85
47.3	8667.93
48.35	8829.4
48.05	8909.58
47.22	8892.68
47.22	8924.78
48.87	9066.04
50.3	9090.43
50.07	9074.34
50.52	9083.32
50.45	9037.25
48.42	9008.49
47.9	8990.33
48.5	8947.83
49.85	9079.6
48.5	8891.74
50	8919.92
50.97	8963.63
50.37	8837.07
50.97	8857.37
51.12	8926.34
50.6	8866.62
49.7	8792.39
50.67	8830.05
51.65	8989.53
51.42	9018.42
51.42	9157.18
51.87	9197.41
52.02	9295.2
51.12	9068.89
50.45	9015.57
50.15	9008.03
49.1	8834.73
49.1	8707.83
49.32	8778.39
50.22	8665.73
50.3	8684.92
49.17	8619.08
50.67	8724.47
49.55	8579.43
50.3	8627.8
50.82	8738.46
51.27	8745.35
48.95	8587.96
47.9	8370
49.4	8345.59
48.57	8062.31
48.57	8105.59
49.4	8169.77
48.87	8201.79
49.1	8217.58
48.2	8047.74
47.75	7902.44
48.05	7876.49
48.12	7738.12
49.62	7855.06
48.72	7811.8
47.97	7548.76
48.72	7523.54
48.12	7407.98
46.32	7353.86
44.07	7394.1
44.22	7228.41
45.05	7341.11
44.15	7051.85
44.6	7048.25
44.6	7075.65
46.77	7244.76
45.42	7156.96
43.18	6834.24
43.32	6710.64
46.3	6974.51
46.7	6815.32
48.15	7085.67
46.62	7065.65
46.38	7309.83
47.43	7368.08
46.54	7233.62
44.29	7014.47
45.9	7070.35
45.25	7024.06
45.09	7002.54
44.85	6977.36
44.61	6813.4
47.35	7026.24
47.91	7024.58
48.72	7209.04
48.8	7325.62
49.28	7293.8
49.28	7292.34
48.72	7326.07
48.8	7196.5
48.39	7000.74
48.31	6978.6
48.31	7040.9
47.83	6918.48
48.47	6911.64
48.72	7030.72
48.31	6964.6
48.63	7080.97
48.39	7033.37
47.43	7046.11
45.57	6813.09
43.72	6699.82
44.29	6584.93
43	6412.63
42.68	6307.28
45.66	6658.69
43.72	6424.77
43.24	6458.01
42.11	6251.95
42.43	6310.68
41.63	6052.45
41.07	5756.59
42.6	5800.87
41.87	5641.95
44.77	5970.38
44.93	6110.6
44.29	6182.21
42.92	6132.6
42.68	6060.83
43	5929.63
42.27	5719.28
42.27	5764.01
41.39	5703.72
41.39	5742.23
39.46	5505.7
40.02	5524.66
37.24	5206.4
37.12	5130.71
37.56	5020.44
40.18	5291.56
38.81	5246.26
37.48	5075.97
36.19	4960.4
35.59	4931.84
35.51	4942.72
34.3	4862.59
33.13	4730.51
32.01	4579.62
30.84	4366.87
31.97	4399.97
33.82	4406.52
36.15	4683.64
38.65	4870.66
37.84	4995.06
38.65	4992.63
38.65	4978.26
35.95	4694.12
35.03	4742.33
34.79	4740.27
34.7	4638.57
34.95	4615.57
32.61	4437.83
33.58	4452.7
32.85	4439.8
31	4305.18
30.6	4284.09
29.63	4089.93
31	4171.1
30.03	4160.54
32.13	4266.49
31.4	4271.8
32.93	4453.75
32.85	4460.49
32.85	4518.43
30.56	4356.98
29.91	4307.26
29.83	4254.96
29.95	4225.07
32.05	4418.33
32.85	4472.66
35.15	4658.87
36.15	4655.57
33.66	4481.27
34.99	4613.72
35.83	4616.89
37.04	4648.02
36.23	4694.81
36.19	4694.52
35.91	4535.54
35.31	4405.86
34.95	4423.09
34.7	4413.45
34.95	4425.08
34.91	4416.16
36.4	4589.04
35.75	4591.22
37.24	4698.31
36.72	4727.26
35.87	4789.84
33.46	4535.79
33.01	4502.74
33.01	4467.53
33.54	4453.9
35.27	4532.36
34.62	4521.47
33.01	4320.77
33.58	4353.7
33.38	4366.1
33.01	4366.76
31.89	4242.61
32.37	4247.97
33.66	4259.98
34.5	4372.81
34.54	4389.97
34.14	4363.25
35.99	4471.25
36.64	4494.59
36.11	4526.1
37.08	4575.95
36.52	4466.42
37	4592.5
36.92	4591.26
35.27	4491.78
35.91	4498.37
36.56	4528.87
35.35	4436.94
36.23	4477.78
35.43	4430.18
35.99	4493.74
36.23	4518.56
36.19	4557.15
36.03	4425.83
35.91	4435.34
37.04	4541.42
37.52	4637.2
39.05	4653.63
38.85	4628.24
37.97	4671.02
39.21	4759.96
38.85	4754.65
39.86	4897.39
40.26	4971.32
40.26	5041.39
40.58	5047.54
39.62	5035.93
38.41	4961.62
40.5	5124.18
42.19	5242.18
42.03	5346.38
41.63	5386.56
41.79	5390.7
41.87	5206.05
41.39	5210.84
40.82	5314.45
42.19	5473.78
42.35	5529.63
42.19	5556.22
41.95	5576.85
40.42	5443.56
42.19	5667.8
42.68	5781.96
42.43	5857.64
42.27	5892.68
41.87	5875.19
41.31	5997.17
40.58	5755.38
41.79	5781.66
41.55	5881.41
40.82	5886.11
41.31	5875.24
40.66	5880.77
40.66	5705.05
41.07	5596.73
41.55	5614.06
44.45	5992.57
47.51	6330.4
46.7	6379.94
46.3	6566.7
45.49	6572.87
45.33	6583.87
45.25	6647.5
44.61	6432.55
45.41	6485.14
43.88	6364.17
44.13	6489.09
45.09	6577.81
45.9	6655.59
45.25	6703.62
45.57	6718.81
45.25	6737.29
44.85	6734.46
45.57	6683.11
48.63	6890.44
47.51	6954.1
48.23	6949.08
48.15	6893.14
46.62	6786.06
46.22	6767.1
46.46	6856.74
45.57	6628.02
45.17	6414.39
46.86	6462.27
46.94	6567.37
45.09	6448.23
42.92	6225.56
43.16	6220.81
41.87	6195.91
42.43	6144.53
42.11	6231.15
42.68	6341.21
41.31	6197.47
42.6	6380.08
43.24	6457.61
43.8	6463.56
43	6391.15
44.04	6432.16
44.29	6578.97
44.37	6667.53
44.29	6665.4
43.8	6649.91
44.61	6715.22
43.8	6668.14
44.53	6748.18
45.17	6769.86
44.29	6530.82
44.93	6639.41
45.85	6738.6
46.27	6780.3
46.19	6850.99
46.87	6938.86
47.47	6953.34
47.3	6985.32
48.33	6980.88
48.93	6973.28
49.27	7028.43
49.52	7142.63
48.33	7083.63
47.9	7027.11
50.38	7077.71
49.87	7056.71
49.27	6955.87
48.67	6848.24
48.58	6868.65
49.44	6882.87
48.84	6909.02
49.18	6898.9
50.12	7034.96
50.38	7069.51
49.44	6931.8
49.27	6789.77
49.1	6788.58
49.35	6733.23
48.58	6654.8
49.95	6838.25
50.21	6809.41
50.46	6719.21
50.29	6690.75
50.89	6809.86
50.64	6825.95
52.18	7019.75
50.98	7039.77
51.15	7104.65
51.32	7153.13
53.03	7224.59
53.63	7313.99
53.03	7250.72
54.31	7332.08
53.37	7337.14
52.6	7256.95
53.46	7346.26
53.63	7440.24
53.46	7477.3
53.63	7526.55
53.29	7502.46
53.46	7469.03
53.29	7376.76
52	7324.22
52.26	7345.22
51.92	7284.61
54.48	7429.98
55.17	7509.17
55.6	7545.29
53.63	7411.88
53.03	7437.98
53.37	7536.05
53.12	7608.66
52.09	7503.31
52.26	7571.96
52.35	7599.88
52.86	7596.6
54.31	7695.75
54.57	7710.4
52.95	7715.1
52.52	7751.32
53.03	7753.52
52.69	7701.5
52.86	7607.93
52.6	7649.28
52.6	7668.4
52.43	7657.34
51.75	7533.95
51.58	7355.69
51.32	7340.08
51.15	7335.18
50.64	7322.93
50.98	7467.04
51.06	7417.46
51.32	7463.05
51.32	7536.7
51.75	7593.49
53.2	7668.06
53.2	7670.93
52.86	7665.63
53.37	7792.68
53.54	7733.21
53.8	7766.69
53.8	7759.98
52.77	7682.97
53.03	7687.15
53.37	7714.56
53.63	7756.31
53.03	7739.16
51.32	7490.91
52.26	7582.21
51.92	7649.23
52	7677.62
52.6	7684.67
52.6	7650.91
53.46	7775.64
53.37	7768.71
53.37	7797.42
52.43	7677.91
53.54	7795.07
53.63	7819.13
53.63	7807.62
52.86	7751.6
53.2	7742.17
52.95	7753.63
53.2	7787.27
53.8	7856
54.23	7901.5
54.4	7963.54
54.23	7972.59
54.48	8057.49
54.14	8053.83
54.66	8112.28
55.17	8188.11
55.51	8207.85
55.17	8211.4
55.51	8327.62
54.91	8237.42
54.74	8280.9
55.17	8323.82
54.4	8309.37
53.71	8196.56
54.06	8289.98
54.31	8356.89
53.8	8337.82
53.46	8249
53.89	8220.93
53.54	8127.87
52.26	7927.31
51.66	7872.99
51.41	7598.81
50.98	7560.03
51.32	7694.58
52.6	7640.44
51.15	7524.67
50.46	7429.61
51.15	7547.98
50.55	7542.04
48.93	7217.83
49.61	7212.87
49.1	7215.88
50.12	7361.04
49.95	7441.84
50.46	7560.04
51.15	7597.44
50.04	7529.67
49.78	7426.96
50.29	7436.1
50.98	7577.75
51.23	7597.62
51.32	7629.52
50.64	7569.8
51.66	7666.26
52.35	7762.27
52.43	7770.59
52.52	7779.08
52.52	7749.66
52	7748.33
51.15	7634.92
51.06	7695.63
51.75	7847.84
51.66	7886.34
51.32	7897.91
50.46	7835.98
50.98	7811.87
51.83	7822.71
52.6	7838.1
53.03	7876.86
53.2	7947.45
53.2	7962.22
52.6	7920.06
53.12	8013.09
53.37	8025.93
54.23	8089.65
54.31	8121.78
53.29	8057.6
53.63	8092.03
53.97	8117.75
53.8	8029.73
54.57	8097.13
55.08	8171.94
53.89	8111.57
53.54	7854.22
53.71	7900.42
53.37	7990.53
52.69	7978.69
52.77	8004.89
54.31	8158.14
54.48	8146.44
53.12	8081.55
52.69	8054.05
52.86	8004.25
52.69	7952.17
52.18	7930.77
51.15	7696.9
50.89	7579.48
50.81	7567.1
51.15	7664.73
51.41	7608.44
51.41	7602.7
52.35	7770.57
52.35	7772.13
50.64	7598.72
50.89	7585.3
50.72	7559.16
50.38	7424.43
50.29	7237.71
50.46	7322.73
49.95	7086.37
50.38	7167.35
50.21	7243.16
50.21	7295.32
51.49	7373.98
51.15	7289.33
51.15	7195.71
52	7360.28
52.18	7344.59
50.64	7157.83
50.04	7151.99
50.12	7071.67
50.81	7181.77
51.75	7299.49
52.26	7387.4
52.52	7454.06
53.12	7515.78
53.63	7493.11
54.14	7635.56
53.54	7612.68
53.12	7582.15
53.03	7589.89
52.52	7474.71
52.77	7500.79
52.18	7423.57
51.83	7329.37
51.32	7254.06
51.58	7330.74
52.52	7439.96
53.87	7548.48
53.51	7534.46
54.32	7608.85
54.32	7647.25
53.78	7639.55
53.6	7597.42
54.32	7714.51
54.23	7704.52
53.87	7664.57
54.95	7649.83
55.31	7712.03
55.57	7701.29
55.75	7666.34
56.47	7761.22
56.29	7787.45
56.2	7748.01
56.65	7784.81
56.65	7798.99
56.11	7760.63
56.02	7911.68
55.75	7957.53
55.75	7972.66
55.66	7936.85
54.77	7963.3
54.59	8034.49
54.86	7976.74
54.86	7895.03
54.14	7829.79
54.05	7891.58
54.23	7941.22
53.78	7931.09
53.6	7924.1
54.05	7928.94
53.87	7927.31
54.05	7975.93
53.6	7940.64
52.79	7736.98
52.88	7689.74
52.88	7722.91
53.42	7741.2
52.97	7616.28
53.15	7668.25
53.51	7720.82
53.78	7830.21
54.41	7890.95
54.14	7884.4
53.33	7851.31
53.51	7835.54
53.33	7890.11
54.77	8091.3
54.86	8132.6
55.04	8163.82
54.41	8099.75
55.04	8158.33
55.75	8186.96
55.57	8196.4
53.96	8202.54
54.05	8166.62
54.59	8191.54
54.86	8189.44
55.31	8240.89
55.75	8237.78
55.75	8244.18
55.66	8246.1
54.95	8200.43
55.57	8284.03
55.13	8283.92
55.57	8244.19
55.31	8176.76
54.86	8090.22
54.86	8106.66
55.57	8215.45
55.66	8205.3
54.41	8060.54
54.59	8046.23
54.86	8124.62
54.86	8131.23
55.57	8168.06
55.75	8306.98
56.02	8343.23
55.75	8291.04
56.38	8354.05
56.47	8287.09
57.1	8379.75
56.92	8344.76
57.46	8293.9
57.46	8357.85
57.73	8449.34
56.92	8430.58
57.55	8445.63
57.73	8450.63
57.28	8436.95
56.65	8316.05
57.46	8240.65
58	8312.21
57.37	8255.54
56.92	8283.45
57.28	8306.12
57.37	8374.91
57.01	8328.63
56.83	8297.05
57.91	8349.99
57.91	8312.15
57.82	8367.17
57.01	8372.48
58.09	8520.11
59.53	8585.77
61.42	8624.01
61.6	8702.23
61.15	8704.39
61.15	8703.79
62.95	8753.84
62.68	8718.83
62.41	8736.59
62.05	8740.43
62.95	8756.71
64.03	8782.2
65.56	8817.9
64.03	8768.72
64.12	8827.79
64.03	8860.49
63.85	8898.87
63.67	8861.1
63.58	8892.31
63.76	8870.76
63.49	8866.35
63.49	8907.91
63.85	8972.5
63.94	9025.3
64.03	8997.19
62.77	8846.31
63.85	8883.21
65.2	8782.72
66.73	8817.88
67	8931.36
67.36	8965
67.09	8975.58
67.27	8972.51
68.16	8925.09
69.06	8988
70.14	9086.02
68.7	9022.17
67.09	8954.38
67.71	8947.79
67.45	8991.39
67.09	9055.59
67.63	9102.33
68.61	9145.35
67.89	9111.46
66.37	9006.82
64.75	8836.56
64.21	8609.86
65.2	8685.47
65.2	8721.93
64.84	8712.96
65.2	8683.88
65.65	8843.84
66.01	8839.22
65.2	8673.67
63.85	8528.94
63.4	8541.64
63.4	8599.65
64.21	8727.56
63.31	8619.9
63.67	8738.37
64.57	8784.4
63.76	8713.79
64.3	8747.75
64.21	8750.02
63.4	8642.9
62.95	8567.82
63.22	8520.02
61.15	8234.78
61.6	8324.58
60.61	8282.69
61.42	8394.75
62.05	8467.71
61.69	8508.04
61.78	8545.08
62.41	8576.4
64.03	8610.39
63.85	8553.06
63.67	8596.57
63.22	8646.31
63.49	8683.3
63.58	8705.13
65.56	8851.98
65.47	8901.72
65.56	8894.54
63.94	8880.27
63.04	8732.59
63.58	8780.2
62.77	8802.73
62.23	8718.12
62.05	8714.48
61.24	8638.55
62.77	8813.28
63.58	8957.65
63.76	8969.43
63.22	8950.75
63.22	8948.14
65.02	9049.25
65.65	9040.77
65.83	9007.87
67.09	8946.08
66.37	8947.35
67.27	9018.61
67.45	8977.23
67.89	9035.48
66.91	9023.28
67.45	9020.4
68.07	9033.68
68.25	9006.61
67.36	8911.71
67.98	8884.09
67.71	8944.84
67.62	8892.88
67.89	8837.03
67.54	8747.51
67.27	8756.61
67	8727.09
66.73	8788.4
66.55	8810
67.54	8823.68
68.97	8988.84
69.24	9062.35
68.7	8991.36
69.42	9046.28
69.69	9057.1
69.69	9007.53
69.15	9000.94
67.71	8837.82
67.18	8712.95
68.52	8829.21
69.24	8831.45
67.89	8654.43
66.73	8636.1
67.36	8530.68
68.25	8597.62
67.45	8621.04
66.73	8567.28
65.56	8532.83
64.75	8500.16
65.2	8478.86
66.98	8573.38
67.73	8652.59
68.29	8739.82
68.95	8774.72
68.67	8784.44
68.29	8824.44
67.17	8773.42
68.01	8749.55
66.89	8665.85
65.95	8491.01
67.73	8488.06
66.32	8481.35
65.57	8574.91
65.38	8538.57
64.26	8524.57
67.17	8706.17
67.17	8717.14
67.54	8765.32
67.54	8683.51
69.14	8794.24
68.86	8817.49
68.48	8767.2
67.54	8644.18
68.1	8701.38
66.98	8584.72
65.76	8456.86
65.67	8317.27
62.48	7853.13
61.16	7552.8
59.38	7493.12
61.73	7736.32
62.29	7719.09
61.07	7637.02
62.66	7819.39
61.91	7798.59
61.73	7741.76
60.41	7614.97
59.94	7342.96
60.98	7312.59
62.66	7550.23
63.32	7502.93
62.85	7410.87
63.7	7445.1
65.1	7578.01
64.73	7646.19
65.1	7741.36
64.35	7757.76
63.32	7757.06
62.48	7551.57
62.01	7367.19
64.35	7529.01
64.45	7548.37
65.01	7610.57
64.16	7391.37
63.04	7228.47
64.82	7385.68
66.7	7577.4
66.79	7480.88
66.13	7492.85
67.54	7535.88
64.73	7305.5
63.32	7046.22
63.04	6877.12
65.57	7089.95
65.95	7146.98
65.95	7182.61
65.67	7225.38
64.35	7013.97
64.82	7047.87
64.82	6989.15
64.73	7132
64.82	7211.96
65.67	7398.71
66.04	7382.35
66.04	7428.33
65.95	7358.08
66.7	7461.12
66.32	7359.48
66.7	7353.37
65.38	7244.32
65.95	7254.51
67.26	7470.3
67.07	7491.21
67.45	7535.82
67.45	7565.21
68.57	7616.06
69.04	7587.69
69.23	7622.01
69.32	7598.45
68.95	7460.31
69.98	7603.23
70.36	7621.72
69.89	7600.79
69.51	7561.86
68.1	7308.68
68.86	7367.29
71.2	7525.65
71.29	7491.06
70.73	7387.52
71.01	7387.81
69.61	7233.78
68.76	7042.64
69.42	7000.03
68.86	6806.43
68.29	6864.39
67.17	6784.52
69.04	6898.78
69.04	6988.65
69.98	6904.12
71.86	7178.69
71.29	7140.68
71.58	7098.08
70.73	6956.28
71.67	7033
71.58	6982.9
69.51	6893.3
70.36	6949.04
70.54	6896.31
69.89	6922.57
68.01	6764.59
68.2	6785.09
68.01	6633.33
68.29	6662.64
71.29	6966.48
70.36	6966.35
70.73	7110.73
70.36	7092.58
70.82	7085.03
71.01	7056.67
71.11	7074.82
71.11	7072.08
70.36	6952.21
71.01	7053.38
71.11	7082.97
71.29	7130.86
70.92	7120.51
70.92	7093.04
71.76	7178.87
71.76	7188.21
72.23	7186.58
72.7	7181.54
70.64	7103.62
70.92	7221.08
71.95	7233.69
73.83	7407.41
73.64	7517.08
72.23	7549.21
72.04	7652.46
71.48	7674.99
71.76	7741.24
72.61	7687.98
72.61	7707.44
72.7	7869.91
73.17	7910.78
72.14	7862.27
71.86	7912.91
72.51	7884.08
73.64	8005.24
73.64	7869.7
75.05	7894.36
75.05	7954.82
75.05	7921.5
74.76	8001.68
73.26	7937.3
74.2	7959.34
76.08	8121.44
75.14	8118.34
75.05	8144.04
74.39	8114.44
74.01	8004.74
74.58	7937.97
74.2	7903.08
74.76	7984.56
75.05	8016.01
75.05	7927.55
76.27	8031.51
78.05	8125.26
78.05	8121.62
76.08	8054.94
78.52	8043.92
78.05	7972.7
79.64	7981.94
79.92	8059.94
80.11	8076.61
78.42	7967.62
80.49	8029.46
80.21	8038.07
78.89	7872.66
79.64	7933
79.83	7862.9
79.74	7760.85
77.95	7639.82
78.61	7706.26
77.86	7600.87
76.92	7640.68
77.3	7656.67
77.49	7662.92
79.64	7788.27
79.64	7729.86
78.61	7585.87
79.74	7605
80.49	7622.69
79.08	7507.15
79.08	7481.09
79.36	7498.84
78.99	7563.18
78.8	7521.35
80.67	7480.5
81.43	7501.72
82.93	7676.81
83.4	7659.53
82.18	7700.95
80.3	7538.08
79.17	7545.71
79.36	7475.71
80.02	7484.01
80.21	7401.37
80.11	7377.18
80.21	7395.64
78.24	7234.57
79.83	7356.77
76.73	7151.19
77.39	7192.23
77.11	7274.89
74.2	7147.75
75.61	7124.89
75.05	7071.63
76.55	7136
77.2	7342.29
76.64	7261.8
79.83	7301.5
74.95	7106.09
71.76	6894.66
73.36	7000.45
72.98	7056.15
74.86	7080.31
73.08	6999.65
75.42	7120.23
74.48	7072.08
75.05	7088.83
74.3	7075.1
73.26	7155.83
75.8	7281.5
75.52	7273.13
76.55	7334.63
75.61	7279.05
75.14	7222.05
74.67	7166.38
73.83	7137.93
74.39	7183.01
74.95	7169.61
76.27	7296.28
78.14	7345.16
78.99	7418.36
78.99	7422.59
78.79	7387.78
78.69	7368.59
77.82	7309.96
76.94	7251.35
75.97	7257.91
73.64	7130.93
73.73	7104.27
73.44	7090.04
72.76	7127
72.76	7049.05
75.39	7148.57
74.61	7164.68
72.27	7028.73
72.76	7008.35
72.57	6979.13
74.22	6970.69
77.14	7124.49
76.85	7158.88
78.79	7270.49
77.82	7267.96
77.62	7217.51
78.69	7286.33
79.18	7295.46
78.3	7319.8
80.06	7433.7
79.76	7441.12
80.44	7436.3
80.93	7479.25
80.74	7467.74
80.64	7490.21
79.76	7467.92
80.15	7431.91
81.32	7506.81
80.15	7496.58
80.44	7505.17
79.76	7477.53
80.74	7468.22
80.15	7361.94
80.44	7391.15
80.44	7371.44
81.03	7397.06
81.61	7450.53
81.71	7451.35
79.76	7367.44
78.89	7326.72
81.51	7424.91
81.22	7482.74
82.1	7485.13
82.2	7570.45
82.68	7578.8
84.14	7738.05
84.14	7762.22
83.36	7734.26
83.65	7781.91
82.97	7727.55
83.36	7754.59
83.75	7768.3
83.56	7734.13
84.04	7669.63
85.21	7683.8
87.35	7715.16
86.48	7675.72
87.16	7718.68
87.35	7684.63
88.13	7682.34
88.52	7690.65
86.67	7615.89
84.72	7592.01
83.17	7451.72
83.95	7437.04
84.04	7418.9
85.11	7471.02
85.02	7464.4
85.7	7465.41
84.34	7408.76
83.65	7373.04
83.36	7337.48
83.07	7314.88
82.49	7262.08
84.92	7134.06
85.7	7091.67
85.6	7182.59
86.28	7166.05
86.77	7179.64
87.45	7210.47
87.84	7185.36
87.93	7236.68
88.52	7287.18
88.03	7242.63
88.32	7293.22
88.81	7267.75
87.84	7136.05
88.03	7159.75
87.74	7143.84
87.74	7130.07
87.55	7129.04
87.93	7145.77
88.03	7088.49
88.81	7105.76
92.9	7326.01
92.7	7407.37
93.67	7430.2
93.28	7434.93
93.87	7503.55
96.01	7580.17
95.23	7599.91
93.97	7600.98
94.26	7649.05
93.97	7623.26
95.42	7642.26
93.87	7609.5
95.62	7613.69
95.72	7690.19
96.49	7757.09
95.72	7698.77
94.35	7631.28
94.06	7643.74
94.65	7677.47
93.38	7595.46
92.21	7519.93
93.09	7540.14
92.6	7535.52
93.87	7636.57
93.38	7634.19
92.99	7648.41
94.35	7699.5
96.88	7779.22
98.25	7836.84
98.73	7805.99
97.76	7755.09
96.98	7721.66
97.27	7738.64
98.25	7811.64
98.25	7819.15
99.22	7823.97
97.76	7765.02
96.49	7700.43
96.59	7616.64
98.73	7732.87
97.76	7724.92
98.25	7759.1
98.25	7744.18
97.18	7695.99
96.3	7672.58
96.59	7714.67
98.25	7802
98.73	7832.98
98.73	7850.02
98.73	7855.97
100.19	7923.16
100.19	7886.94
102.14	7906.65
104.08	7943.53
104.08	7960.88
106.03	8029.1
104.08	7957.46
102.62	7947.72
104.08	7986.89
102.14	7947.68
100.68	7880.9
101.65	7897.98
102.14	7964.63
99.22	7867.34
101.16	7932.71
101.16	7950.3
100.19	7960.51
100.68	8015.14
99.22	8038.72
99.7	7994.71
101.65	7995.51
101.16	7951.76
100.19	7927.49
97.76	7811.34
97.27	7838.47
96.11	7798.03
96.01	7811.84
95.33	7796.22
96.79	7856.12
96.3	7856.36
97.76	7894.12
97.27	7866.88
97.76	7918.61
98.25	7899.24
97.76	7913.18
97.76	7942.35
95.81	7752.79
94.84	7728.54
95.62	7752.8
98.73	7857.98
97.76	7821.63
96.69	7763.53
97.76	7801.05
97.27	7809.07
97.18	7791.35
103.6	7930.8
105.54	7970.38
103.11	7942.77
103.11	8023.71
104.08	8021.75
105.54	8022.06
105.05	8029.74
106.51	8093.66
107.49	8128.51
107	8135.03
108.46	8169.05
109.43	8163.06
111.38	8267.09
111.86	8285.89
111.38	8280.26
111.38	8248.32
112.35	8251.82
111.86	8318.59
110.4	8390.05
110.4	8368.19
110.89	8377.05
109.43	8383.05
108.95	8398.84
105.05	8237.83
106.51	8209.78
108.95	8280.1
106.51	8263.05
107.97	8337.9
107	8243.29
106.51	8254.8
104.57	8201.02
106.03	8191.22
106.51	8181.91
104.57	8096.14
105.54	8095.2
105.54	8160.55
105.05	8116.15
101.65	7951.66
103.11	7937.74
103.11	7992.89
103.6	8011.02
102.62	8007.39
101.16	7898.91
100.68	7793.31
98.25	7758.03
98.25	7663.23
98.73	7784.8
101.65	7883.9
107.97	8062.21
105.05	8036
107	8015.86
107	7911.42
107	7893.72
109	8001.82
105	7886.34
106	7971.18
106	8011.69
109.5	8179.54
110	8220.49
109.5	8254.68
108	8260.11
109	8258.95
105.5	8194.88
98.2	8062.03
97	8105.45
100	8214.65
102	8196.19
102.5	8163.58
102.5	8149.4
100	8084.5
102	8163.55
102.5	8107.94
100.5	8056.22
100.5	8099.88
100.5	8138.63
98.8	8038.91
97	7921.29
96.4	7907.67
96.4	7856.14
96	7903.38
97.2	7986.27
96.8	7951.33
96	7887.26
96.5	7925
95.5	7900.21
94.4	7832.65
94.5	7814.38
97	7873.31
96.8	7894.97
95.6	7820.84
96.8	7824.54
98.7	7917.66
100.5	8021.89
102	8038.86
102	8088.37
100.5	8083.44
101.5	8169.1
102	8164.2
103	8192.11
104.5	8208.77
104.5	8208.99
103.5	8225.36
102.5	8168.2
102.5	8142.48
105.5	8255.34
105.5	8249.78
103	8209.18
105.5	8292.83
105	8299.12
103	8283.9
101.5	8184.68
103	8230.68
100.5	8173.87
101.5	8187.02
103	8216.52
105	8359.02
104	8364.55
103	8333.66
105	8375.65
105	8344.73
106.5	8349.37
105	8273.96
107	8367.88
106	8332.18
107	8374.68
110	8441.19
110	8419.32
111.5	8418.27
111	8393.62
110	8413.72
107	8346.62
109.5	8407.83
109.5	8420.98
110	8465.06
109.5	8450.06
109.5	8388.18
109	8354.14
106.5	8262.2
107	8281.97
107	8283.71
106	8229.59
104.5	8182.56
105	8195.26
103	8104.26
103.5	8134.91
104	8177.12
104	8191.46
105	8260.21
103	8204.46
101	8099.45
100	8116.78
101	8187.51
103.5	8248.02
105	8295.88
105	8362.43
105	8406.83
104.5	8414.61
104	8392.55
105	8418
104	8375.54
103	8367.72
105	8444.62
104	8443.39
105	8433.77
103	8361.33
102.5	8376.94
102	8313.87
103.5	8352.93
101	8349.04
102.5	8407.4
102	8408.53
104	8456.46
103	8450.49
103	8467.76
104	8485.89
104.5	8535.04
106	8623.43
105.5	8611.51
104.5	8612.54
102.5	8546.54
102.5	8500.01
102	8512.3
104	8556.01
101	8514.68
102	8529.35
103	8566.2
103.5	8548.14
105	8602.55
107	8612.11
107.5	8596
107.5	8621.56
106.5	8599.9
107.5	8625.3
107.5	8595.1
108	8598.31
105	8462.57
100.5	8264.48
102	8311.01
104	8387.35
103	8391.95
104.5	8430.56
105	8510.87
105	8467.7
107.5	8513.68
108.5	8519.55
108	8556.23
108	8577.01
106.5	8524.62
107.5	8601.86
107	8560.61
108	8575.62
107.5	8600.86
108	8639.58
108	8601.98
107.5	8554.54
110	8632.93
113	8713.79
114.5	8713.96
113	8665.24
114	8702.33
113	8684.73
116.5	8747.79
115	8687.63
114	8700.1
114.5	8731.94
114.5	8689.46
112	8597.33
112.5	8577.17
112.5	8605.38
113.5	8689.3
115.5	8737.27
116	8779.57
117.5	8774.64
118.5	8849.28
119.5	8873.15
120	8905.45
118.5	8888.54
117.5	8876.44
119	8888.25
119	8930.57
119.5	8948.1
120	8908.05
120.5	8857.42
122.5	8916.71
121	8923.82
120	8944.16
123	8966.66
121.5	8951.19
121.5	8974.71
121	8956.92
121	8945.45
118.5	8774.12
119	8809.71
120.5	8872.11
118.5	8791.44
118	8867.32
117	8870.43
118	8912.39
118.5	8893.22
119.5	8930.9
120	8889.69
118.5	8808.61
120.5	8817.94
122	8875.16
122	8880.65
122	8888.45
121	8899.9
121	8887.79
120.5	8862.42
122	8969.63
122	9008.22
123	9036.12
123.5	9055.29
124	9121.71
122	9109
119.5	9075.91
122.5	9123.46
123.5	9119.96
123	9140.72
122.5	9134.46
123	9162.74
124.5	9222.37
125	9229.8
123.5	9204.65
123	9196.39
124	9202.93
125	9240.6
125.5	9279.93
126	9316.81
124.5	9273.79
123	9228.35
123	9246.2
123.5	9242.16
124.5	9320.94
125.5	9306.83
126.5	9393.07
128	9441.92
132.5	9484.96
134.5	9526.23
135	9510.05
136	9520.2
134.5	9530.98
134	9489.98
134.5	9565.12
