3.7
3.5
4.75
3.99
4.02
3.25
2.92
3.01
4.14
4.89
4.68
4.83
4.33
5.31
5.73
3.95
4.07
4.22
3.87
4.15
4.24
4.67
3.86
8.93
9.91
8.89
8.47
9.15
8.07
8.03
6.1
6.51
9.59
13.03
13.84
11.74
9.4
11.27
12.08
9.74
6.37
5.33
5.51
5.63
6.02
7.78
6.78
8.07
8.58
8.39
7.96
8.67
6.89
5.13
6.66
6.3
5.81
6.75
6.7
6.74
7.82
8.67
7.11
7.16
6.88
6.37
6.16
7.36
8.37
7.34
7.64
8.04
7.43
6.1
5.9
5.97
5.12
5.83
5.64
5.56
6.6
7.3
5.6
5.51
5.18
5.61
6.56
8.42
7.84
7.23
5.71
5.68
6.73
5.74
6.32
6.95
6.07
5.66
5.17
6.6
8.31
6.86
6.63
6.13
5.86
7.05
6.84
6.66
5.69
5.05
5.07
5.44
5.25
4.93
5.01
5.14
5.57
6.69
6.14
6.48
5.74
6.99
6.95
7.9
7.84
7.86
7.29
6.77
7.67
7.7
7.28
7.01
6.94
7.02
6.88
6.78
6.64
6.11
5.57
4.96
4.76
4.85
4.7
4.69
4.66
4.68
4.72
4.76
4.78
4.79
4.76
4.75
4.61
4.6
4.63
4.64
4.76
4.83
4.84
4.78
4.8
5
5
5.03
4.83
4.56
4.35
4.2
4.06
3.9
3.69
3.51
3.13
2.67
2.45
2.35
2.28
2.27
2.25
2.24
2.21
2.02
1.82
1.88
1.9
1.9
1.73
1.46
1.28
1.16
1.16
1.11
1.08
1.06
0.82
0.78
0.85
0.86
0.87
0.93
0.89
0.86
0.9
0.88
0.87
0.93
0.93
0.95
1.01
1.07
1.08
1.08
1.12
1.12
1.14
1.19
1.21
1.24
1.26
1.27
1.31
1.35
1.35
1.38
1.41
1.41
1.45
1.52
1.48
1.5
1.54
1.58
1.58
1.61
1.63
1.64
1.67
1.66
1.68
1.71
1.82
2.33
1.98
1.93
1.94
1.99
1.98
1.98
2
2
2
2
2
2
2.03
2.03
2.01
1.92
1.57
1
0.42
0.25
0.19
0.16
0.16
0.15
0.15
0.19
0.19
0.21
0.22
0.25
0.24
0.25
0.26
0.3
0.3
0.31
0.34
0.35
0.37
0.41
0.43
0.44
0.49
0.5
0.52
0.6
0.63
0.66
0.73
0.74
0.76
0.75
0.75
0.75
0.75
0.75
0.75
0.74
0.77
0.78
0.77
0.77
0.78
0.77
0.76
0.74
0.73
0.71
0.7
0.7
0.69
0.68
0.67
0.66
0.64
0.64
0.63
0.61
0.62
0.6
0.6
0.59
0.58
0.59
0.58
0.58
0.58
0.6
0.6
0.62
0.6
0.58
0.58
0.57
0.57
