8.87
9.11
12.39
6.05
14.39
10.91
7.35
10.33
12.94
13.96
13.4
10.57
10.32
11.48
12.91
12.81
6.62
9.84
13.3
9.01
12.3
10.49
8.95
12.68
8.44
9.02
12.88
8.72
11.56
9.98
9.9
7.27
8.07
13.14
11.32
13.32
13.58
16.26
14.54
9.76
14.41
14.02
12.29
14.73
14.36
10.46
14.93
11.8
7.01
3.47
0.11
0.36
-2.81
4.5
10.67
12.34
15.96
14.29
12.83
14.21
11.98
13.97
9.19
10.64
12.9
12.35
17.26
11.92
10.73
9.93
7.64
7.3
7.91
8.39
7.84
8.01
7.15
7.14
8.37
5.84
4.58
5.13
4.7
4.77
4.29
8.41
11.3
11.79
11.88
11.66
9.71
7.31
5.68
4.24
3.62
5.76
10.2
9.57
12.32
13.77
13.16
14.29
13.64
9.95
8.65
6.98
8.07
8.41
9.1
9.39
8.47
8.11
7.5
4.14
4.3
6.77
7.03
8.63
9.18
8.5
10.52
8.49
7.92
6.5
6.74
7.07
6.59
6.82
5.98
7.72
6.97
9.17
7.55
6.45
6.98
5.16
5.74
5.8
6.17
6.94
5.66
5.58
6.25
6.89
4.85
4.28
4.7
3.11
6.28
7.25
5.86
7.45
6.04
6.22
7.35
6.05
1.59
-2.39
-3.83
-0.24
1.96
6.88
7.01
6.3
4.89
-0.7
5.21
6.91
6.47
9.99
6.59
3.45
3.46
4.87
5.48
7.58
6.08
6.05
6.68
3.86
5.19
6.25
7.65
6.82
7.72
5.48
-1.32
-7.65
-7.88
-6.07
-1.24
9.04
12.46
12.4
11.69
6.52
7.37
4.28
3.32
0.68
0.78
0.42
2.31
4.63
1.41
2.6
1.45
3.4
3.41
3.87
4.32
3.47
3.37
